[8, 0, 21, 0], [6, 0, 0, 12], [6, 0, 0, 10], [9, 0, 0, 13], caret
[6, 0, 0, 7], [3, 0, 0, 5], [6, 0, 0, 7], [5, 0, 13, 0], [5, 0, 12, 0], [8, 0, 15, 0], [8, 21, 21, 0], [5, 21, 15, 0], [8, 19, 13, 0], [8, 15, 13, 0], [4, 9, 0, 0], [1, 5, 0, 0], [1, 5, 0, 0], [1, 5, 0, 0], caret
[5, 0, 9, 0], [8, 0, 13, 18], [8, 0, 17, 21], [8, 0, 19, 18], [9, 0, 0, 16], [5, 0, 16, 13], [6, 0, 0, 7], [6, 0, 0, 6], [3, 0, 0, 5], [6, 0, 0, 7], [6, 0, 0, 8], [6, 0, 0, 8], caret
[67, 3, 0, 0], [5, 6, 0, 0], [6, 6, 0, 0], [11, 5, 0, 14], [14, 5, 0, 22], [21, 8, 0, 25], [0, 10, 22, 20], [22, 5, 20, 17], [0, 5, 19, 13], [0, 4, 6, 0], [0, 1, 5, 0], [0, 1, 5, 0], caret
[0, 5, 0, 10], [0, 8, 0, 14], [17, 8, 0, 18], [19, 8, 0, 17], [17, 8, 0, 17], [0, 6, 0, 0], [9, 6, 0, 0], [8, 6, 0, 0], [8, 6, 0, 0], caret
[8, 3, 0, 0], [5, 6, 0, 0], [6, 6, 0, 0], [10, 5, 0, 12], [17, 8, 0, 15], [0, 8, 23, 24], [0, 7, 24, 0], [0, 4, 20, 0], [0, 5, 15, 15], [0, 4, 6, 0], [0, 4, 7, 0], [0, 4, 9, 0], caret
[0, 5, 0, 9], [0, 8, 0, 16], [0, 8, 0, 17], [0, 8, 0, 18], [0, 8, 0, 18], [0, 8, 0, 16], [0, 6, 0, 0], [10, 6, 0, 0], [8, 6, 0, 0], [6, 6, 0, 0], caret
[11, 6, 0, 0], [7, 6, 0, 0], [7, 9, 0, 0], [14, 5, 0, 13], [16, 8, 0, 21], [19, 8, 0, 19], [22, 5, 16, 15], [0, 5, 14, 10], [0, 4, 10, 0], [0, 4, 8, 0], caret
[0, 5, 0, 10], [0, 8, 0, 14], [0, 8, 0, 18], [0, 8, 0, 18], [0, 8, 0, 18], [0, 5, 0, 14], [0, 6, 0, 0], [11, 6, 0, 0], [8, 6, 0, 0], caret
[9, 67, 6, 0], [0, 8, 5, 0], [14, 13, 5, 0], [12, 19, 8, 0], [17, 20, 8, 0], [18, 0, 10, 23], [19, 22, 8, 25], [20, 0, 5, 0], [11, 0, 5, 12], [10, 0, 4, 8], [0, 0, 4, 6], caret
[0, 0, 5, 0], [11, 0, 8, 0], [16, 0, 8, 18], [18, 0, 8, 0], [16, 0, 8, 0], [17, 0, 8, 0], [17, 0, 5, 0], [14, 0, 6, 0], [0, 7, 6, 0], [0, 7, 6, 0], caret
[0, 8, 5, 0], [14, 13, 8, 0], [16, 0, 8, 0], [23, 0, 8, 22], [22, 0, 5, 0], [17, 0, 5, 0], [14, 0, 8, 13], [15, 0, 4, 7], [0, 0, 4, 7], [0, 0, 4, 6], [0, 0, 4, 9], caret
[0, 0, 5, 0], [7, 0, 5, 0], [10, 0, 8, 21], [16, 0, 8, 0], [19, 25, 5, 0], [16, 18, 8, 0], [14, 14, 6, 0], [0, 10, 6, 0], [0, 7, 6, 0], [0, 6, 6, 0], [0, 7, 6, 0], caret
[0, 9, 3, 0], [0, 3, 3, 0], [0, 5, 6, 0], [0, 11, 5, 0], [12, 16, 8, 0], [18, 20, 8, 0], [21, 0, 8, 24], [20, 0, 5, 0], [16, 0, 5, 15], [12, 0, 4, 11], [0, 0, 4, 7], [0, 0, 4, 7], [0, 0, 4, 10], caret
[0, 0, 5, 0], [8, 0, 8, 0], [15, 0, 8, 0], [20, 0, 8, 0], [22, 0, 5, 0], [17, 0, 8, 0], [17, 18, 8, 0], [16, 0, 6, 0], [0, 7, 3, 0], [0, 5, 6, 0], [0, 6, 6, 0], caret
[0, 9, 6, 0], [0, 8, 6, 0], [0, 11, 5, 0], [11, 12, 8, 0], [16, 0, 8, 0], [16, 0, 8, 0], [20, 0, 6, 0], [0, 19, 5, 0], [13, 0, 5, 0], [11, 0, 4, 11], caret
[0, 0, 5, 0], [9, 0, 5, 9], [12, 0, 8, 16], [13, 0, 8, 21], [20, 0, 8, 25], [18, 0, 8, 24], [18, 0, 8, 21], [17, 20, 8, 21], [15, 0, 6, 0], [0, 7, 3, 0], [0, 5, 3, 0], caret
[0, 5, 3, 0], [0, 4, 3, 0], [0, 3, 3, 0], [0, 4, 3, 0], [0, 5, 5, 0], [11, 13, 8, 0], [15, 0, 8, 0], [18, 0, 8, 0], [21, 23, 5, 0], [13, 0, 5, 0], [11, 0, 4, 11], [0, 0, 4, 5], [0, 0, 4, 8], caret
[0, 0, 4, 8], [0, 0, 5, 0], [15, 0, 8, 18], [16, 0, 8, 22], [19, 0, 8, 22], [18, 0, 8, 24], [24, 0, 5, 23], [16, 0, 8, 0], [16, 0, 6, 0], caret
[0, 8, 3, 0], [0, 3, 6, 0], [0, 6, 6, 0], [0, 10, 5, 0], [13, 15, 8, 0], [16, 0, 8, 0], [18, 0, 8, 0], [18, 0, 8, 0], [17, 0, 5, 0], [12, 0, 5, 0], [10, 0, 4, 6], [0, 0, 4, 8], [0, 0, 4, 12], caret
[0, 0, 8, 10], [14, 0, 8, 18], [16, 0, 8, 17], [21, 0, 8, 0], [23, 0, 8, 25], [24, 0, 5, 20], [15, 0, 6, 0], [0, 6, 6, 0], [0, 8, 6, 0], caret
[0, 9, 3, 0], [0, 4, 3, 0], [0, 4, 6, 0], [0, 8, 6, 0], [0, 12, 5, 0], [15, 0, 8, 0], [24, 0, 8, 0], [22, 0, 5, 0], [18, 22, 5, 20], [13, 0, 4, 12], [0, 0, 1, 5], [0, 0, 4, 6], caret
[0, 0, 8, 13], [19, 0, 8, 15], [17, 0, 8, 22], [20, 0, 8, 21], [20, 0, 8, 22], [19, 0, 8, 21], [19, 16, 6, 0], [0, 13, 6, 0], [0, 8, 6, 0], [0, 7, 6, 0], caret
[0, 10, 6, 0], [0, 6, 3, 0], [0, 5, 6, 0], [0, 9, 5, 0], [18, 18, 8, 0], [19, 0, 8, 0], [20, 0, 8, 0], [21, 24, 8, 0], [22, 21, 5, 25], [16, 0, 5, 15], [12, 0, 4, 7], [0, 0, 4, 7], [0, 0, 4, 10], caret
[0, 0, 67, 5], [11, 12, 0, 8], [19, 18, 0, 8], [22, 19, 0, 10], [21, 20, 26, 8], [26, 19, 0, 6], [0, 0, 17, 5], [0, 14, 10, 3], [0, 0, 5, 3], [0, 0, 5, 6], caret
[0, 0, 7, 3], [0, 0, 3, 6], [0, 0, 6, 5], [0, 12, 11, 8], [0, 19, 16, 5], [26, 19, 0, 8], [25, 21, 0, 5], [0, 15, 0, 8], [0, 13, 0, 4], [10, 0, 0, 4], [8, 0, 0, 4], [8, 0, 0, 4], [11, 0, 0, 5], caret
[0, 13, 0, 8], [10, 14, 0, 8], [19, 14, 0, 8], [18, 18, 0, 8], [21, 23, 0, 8], [21, 24, 0, 5], [0, 16, 15, 6], [0, 0, 8, 6], [0, 0, 8, 6], [0, 0, 10, 6], [0, 0, 11, 6], caret
