[[4, 14, 0, 0], [6, 0, 0, 14], [6, 0, 0, 10], [9, 0, 0, 13]]
Saving!
[[6, 0, 0, 11], [5, 0, 24, 0], [8, 23, 24, 0], [4, 17, 0, 0], [6, 0, 0, 7], [6, 0, 0, 10], [6, 0, 0, 10]]
Saving!
[[9, 0, 0, 13], [5, 0, 24, 19], [5, 24, 21, 0], [6, 0, 0, 5], [6, 0, 0, 11], [6, 0, 0, 11]]
Saving!
[[6, 0, 0, 9], [6, 0, 0, 9], [9, 0, 0, 16], [5, 0, 21, 22], [5, 0, 18, 0], [6, 0
, 0, 8], [6, 0, 0, 11], [6, 0, 0, 12], [9, 0, 0, 13]]
Saving!
[[5, 20, 15, 0], [5, 0, 7, 0]]
Saving!
[[4, 12, 0, 0], [5, 0, 18, 0], [8, 0, 19, 0], [6, 0, 0, 10], [5, 0, 5, 0], [5, 0
, 7, 0], [5, 0, 12, 0], [5, 0, 11, 0]]
Saving!
[[8, 0, 13, 0], [5, 15, 15, 0], [8, 0, 17, 0], [8, 0, 21, 17], [6, 0, 0, 8], [5,
 0, 10, 0], [5, 0, 9, 0], [5, 0, 12, 0], [8, 0, 13, 0]]
Saving!
[[2, 0, 5, 0], [5, 0, 10, 0], [5, 0, 16, 16], [8, 0, 18, 0], [6, 0, 0, 14], [6,
0, 0, 6], [5, 0, 5, 0], [5, 0, 6, 0]]
Saving!
[[2, 0, 5, 0], [6, 0, 0, 8], [9, 0, 0, 13], [5, 0, 16, 0], [8, 0, 16, 0], [5, 0,
 8, 0], [5, 0, 8, 0]]
Saving!
[[8, 0, 18, 14], [6, 0, 0, 9], [5, 0, 11, 0], [8, 0, 13, 0], [8, 0, 17, 13], [8,
 0, 15, 14]]
Saving!
[[5, 0, 7, 0], [6, 0, 0, 10], [9, 0, 0, 15], [5, 0, 20, 21], [5, 0, 16, 0], [5,
0, 11, 0], [5, 0, 5, 0], [5, 0, 8, 0]]
Saving!
[[9, 0, 0, 13], [9, 0, 0, 14], [6, 0, 0, 6]]
Saving!
[[5, 0, 11, 0], [8, 0, 18, 0], [4, 19, 0, 0], [4, 10, 0, 0], [4, 10, 0, 0], [5,
0, 5, 0], [5, 0, 9, 0], [5, 0, 12, 0]]
Saving!
[[6, 0, 0, 12], [9, 0, 0, 15], [5, 0, 16, 14], [5, 0, 11, 0], [5, 0, 7, 0], [6,
0, 0, 5], [6, 0, 0, 11], [6, 0, 0, 11], [6, 0, 0, 9]]
Saving!
[[4, 6, 0, 0], [5, 12, 17, 0], [8, 0, 22, 22], [5, 0, 19, 16], [5, 0, 8, 0], [5,
 0, 7, 0], [5, 0, 11, 0]]
Saving!
[[6, 6, 0, 0], [5, 0, 6, 0], [8, 0, 13, 0], [8, 0, 17, 0], [6, 0, 0, 16], [6, 0,
 0, 7], [3, 0, 0, 5], [5, 0, 10, 0], [5, 0, 11, 0], [8, 0, 13, 0], [6, 0, 0, 11]
]