[6, 0, 0, 11], [5, 0, 18, 12], [9, 0, 0, 13], circles
[5, 0, 7, 0], [5, 0, 6, 0], [6, 0, 0, 6], [6, 0, 0, 13], [5, 0, 17, 14], [8, 0, 18, 20], [8, 0, 20, 0], [8, 26, 19, 0], [8, 0, 19, 0], [4, 18, 0, 0], [5, 17, 16, 0], [4, 13, 0, 0], [5, 0, 7, 0], [6, 0, 0, 11], [6, 0, 0, 10], [6, 0, 0, 15], circles
[5, 0, 7, 0], [6, 0, 0, 14], [5, 0, 16, 17], [8, 0, 21, 0], [6, 0, 0, 22], [5, 0, 20, 0], [4, 21, 0, 0], [5, 18, 21, 0], [7, 18, 0, 0], [5, 13, 11, 0], [5, 0, 7, 0], [5, 0, 8, 0], [5, 0, 9, 0], circles
[6, 0, 0, 9], [9, 0, 0, 13], [5, 0, 19, 16], [8, 0, 19, 19], [8, 0, 19, 0], [8, 0, 21, 0], [5, 20, 18, 0], [5, 0, 12, 0], [5, 0, 10, 0], [6, 0, 0, 7], [6, 0, 0, 7], [6, 0, 0, 9], circles
[5, 0, 10, 10], [8, 0, 15, 13], [9, 0, 0, 15], [5, 0, 19, 0], [8, 0, 20, 24], [8, 0, 20, 0], [8, 21, 23, 0], [4, 15, 0, 0], [4, 13, 0, 0], [5, 0, 8, 0], [5, 0, 9, 0], [5, 0, 8, 0], [5, 0, 9, 0], circles
[5, 0, 9, 0], [5, 0, 7, 0], [5, 0, 8, 0], [4, 10, 0, 0], [5, 12, 15, 0], [8, 18, 16, 0], [8, 21, 20, 0], [5, 0, 17, 20], [8, 0, 20, 16], [9, 0, 0, 16], [6, 0, 0, 12], [6, 0, 0, 8], [5, 0, 7, 0], [5, 0, 7, 0], [5, 0, 6, 0], circles
[6, 0, 0, 7], [6, 0, 0, 6], [5, 0, 7, 0], [5, 0, 8, 0], [5, 0, 11, 0], [5, 0, 16, 19], [8, 0, 22, 20], [9, 0, 0, 18], [9, 0, 0, 19], [9, 0, 0, 17], [6, 0, 0, 11], [6, 0, 0, 7], [6, 0, 0, 7], [3, 0, 0, 5], [6, 0, 0, 8], circles
[6, 0, 0, 8], [6, 0, 0, 11], [9, 0, 0, 13], [9, 0, 0, 19], [5, 0, 20, 25], [8, 21, 18, 0], [7, 21, 0, 0], [5, 0, 14, 0], [5, 0, 9, 0], [5, 0, 7, 0], [5, 0, 9, 0], circles
[5, 0, 6, 0], [4, 6, 0, 0], [4, 9, 0, 0], [7, 15, 0, 0], [5, 13, 16, 0], [8, 18, 16, 0], [8, 20, 18, 0], [5, 0, 6, 0], [5, 0, 8, 0], [5, 0, 8, 0], circles
[6, 0, 0, 20], [5, 0, 23, 0], [5, 0, 20, 0], [5, 0, 12, 0], [5, 0, 9, 0], [6, 0, 0, 5], [3, 0, 0, 5], [6, 0, 0, 8], [6, 0, 0, 11], [9, 0, 0, 23], [6, 0, 0, 17], [6, 0, 0, 18], [5, 0, 24, 0], circles
[6, 0, 0, 19], [5, 0, 22, 20], [8, 0, 23, 0], [5, 0, 13, 0], [5, 0, 12, 0], [6, 0, 0, 8], [6, 0, 0, 13], [6, 0, 0, 21], [6, 0, 0, 18], circles
[6, 0, 0, 6], [5, 0, 10, 0], [5, 0, 11, 0], [5, 0, 17, 0], [8, 0, 22, 21], [8, 0, 23, 22], [8, 0, 25, 19], [6, 0, 0, 13], [6, 0, 0, 14], circles
[7, 13, 0, 0], [5, 0, 8, 0], [8, 0, 14, 0], [8, 0, 14, 0], [8, 0, 18, 0], [8, 0, 21, 0], [8, 0, 20, 26], [8, 25, 22, 26], [8, 24, 20, 0], [4, 19, 0, 0], [5, 17, 18, 0], [4, 14, 0, 0], [5, 0, 16, 0], [4, 17, 0, 0], circles
[8, 17, 13, 0], [8, 16, 16, 0], [7, 22, 0, 0], [6, 0, 0, 21], [5, 0, 22, 23], [6, 0, 0, 10], [6, 0, 0, 7], [5, 0, 8, 0], [5, 0, 6, 0], [5, 0, 8, 0], [5, 0, 11, 0], [5, 0, 12, 0], [8, 19, 13, 0], [8, 17, 15, 0], [8, 0, 13, 0], circles
[6, 0, 0, 21], [5, 0, 20, 20], [8, 0, 19, 0], [5, 0, 15, 0], [8, 0, 16, 0], [5, 0, 9, 0], [6, 0, 0, 7], [6, 0, 0, 7], [6, 0, 0, 9], [6, 0, 0, 9], circles
[5, 0, 10, 0], [5, 0, 11, 0], [5, 0, 12, 0], [5, 0, 8, 0], [5, 0, 6, 0], [4, 9, 0, 0], [5, 13, 15, 0], [8, 16, 18, 0], [8, 0, 21, 0], [8, 25, 21, 0], [6, 0, 0, 18], [6, 0, 0, 14], [5, 0, 12, 0], [5, 0, 6, 0], [5, 0, 8, 0], circles
[6, 0, 0, 4], [6, 0, 0, 13], [9, 0, 0, 17], [9, 0, 0, 19], [9, 0, 0, 19], [5, 0, 18, 18], [8, 0, 19, 0], [5, 0, 15, 0], [5, 0, 10, 0], [6, 0, 0, 7], [6, 0, 0, 10], [6, 0, 0, 9], circles
[5, 0, 11, 0], [5, 0, 10, 0], [5, 0, 8, 0], [2, 0, 5, 0], [5, 0, 9, 0], [5, 0, 10, 12], [8, 0, 13, 14], [5, 0, 21, 21], [8, 0, 23, 0], [5, 22, 20, 0], [4, 19, 0, 0], [4, 16, 0, 0], [5, 0, 12, 0], [5, 0, 7, 0], [5, 0, 6, 0], [5, 0, 9, 0], [5, 0, 8, 0], [5, 0, 9, 0], circles
[5, 0, 8, 0], [4, 7, 0, 0], [5, 10, 15, 0], [8, 0, 14, 0], [8, 0, 16, 0], [8, 0, 16, 0], [5, 0, 7, 0], [2, 0, 5, 0], [5, 0, 8, 0], circles
[5, 0, 9, 0], [5, 0, 12, 0], [6, 0, 0, 6], [3, 0, 0, 5], [6, 0, 0, 8], [9, 0, 0, 13], [9, 0, 0, 17], [9, 0, 0, 16], [5, 0, 16, 0], [8, 0, 16, 0], [5, 0, 12, 0], [6, 0, 0, 6], [3, 0, 0, 5], [6, 0, 0, 7], [6, 0, 0, 8], circles
[5, 0, 9, 0], [4, 8, 0, 0], [4, 7, 0, 0], [5, 13, 17, 0], [8, 16, 17, 0], [8, 0, 19, 0], [5, 0, 13, 0], [5, 0, 9, 0], [4, 9, 0, 0], circles
[5, 0, 8, 0], [4, 6, 0, 0], [4, 14, 0, 0], [5, 15, 16, 0], [8, 17, 18, 0], [8, 0, 16, 0], [5, 0, 9, 0], [4, 7, 0, 0], [4, 7, 0, 0], [4, 6, 0, 0], circles
[8, 0, 13, 0], [6, 0, 0, 11], [6, 0, 0, 10], [5, 0, 6, 0], [5, 0, 8, 0], [5, 0, 10, 0], [8, 0, 13, 18], [8, 0, 19, 17], [9, 0, 0, 16], [9, 0, 0, 14], [6, 0, 0, 10], [6, 0, 0, 7], [5, 0, 9, 0], [5, 0, 8, 0], [5, 0, 8, 0], circles
[5, 0, 9, 0], [5, 0, 6, 0], [6, 0, 0, 5], [6, 0, 0, 12], [6, 0, 0, 11], [9, 0, 0, 14], [5, 0, 24, 20], [8, 0, 22, 19], [8, 0, 20, 0], [5, 0, 16, 0], [5, 0, 13, 0], [5, 0, 8, 0], circles
