[4, 9, 0, 0], [4, 8, 0, 0], [4, 9, 0, 0], [4, 8, 0, 0], [4, 10, 0, 0], [4, 7, 0, 0], [4, 7, 0, 0], [5, 0, 7, 0], [6, 0, 0, 9], [6, 0, 0, 8], [6, 0, 0, 10], swieRight
[7, 13, 0, 0], [7, 14, 0, 0], [5, 14, 18, 0], [5, 15, 14, 0], [6, 0, 0, 12], [9, 0, 0, 14], swieRight
[4, 8, 0, 0], [5, 0, 6, 0], [6, 0, 0, 8], [6, 0, 0, 8], swieRight
[8, 13, 13, 0], [6, 0, 0, 11], [6, 0, 0, 10], swieRight
[5, 0, 6, 0], [6, 0, 0, 5], swieRight
[4, 19, 0, 0], [5, 21, 18, 0], [4, 17, 0, 0], [5, 19, 15, 0], [6, 0, 0, 15], [9, 0, 0, 16], swieRight
[7, 14, 0, 0], [5, 12, 18, 0], [8, 0, 16, 15], [9, 0, 0, 13], [6, 0, 0, 12], swieRight
[8, 0, 17, 0], [8, 15, 18, 0], [5, 0, 13, 0], [6, 0, 0, 13], [9, 0, 0, 16], swieRight
[4, 13, 0, 0], [5, 16, 17, 0], [6, 0, 0, 14], [6, 0, 0, 11], [6, 0, 0, 13], [6, 0, 0, 10], swieRight
[4, 10, 0, 0], [5, 13, 11, 0], [6, 0, 0, 8], [6, 0, 0, 9], [6, 0, 0, 10], [6, 0, 0, 8], swieRight
[5, 0, 12, 0], swieRight
[6, 0, 0, 6], [6, 0, 0, 10], swieRight
[5, 0, 11, 0], [5, 0, 9, 0], [6, 0, 0, 9], swieRight
[8, 0, 20, 0], [5, 0, 17, 0], [8, 0, 16, 16], swieRight
[8, 14, 16, 0], [5, 0, 13, 16], [8, 0, 16, 16], [9, 0, 0, 17], swieRight
[7, 13, 0, 0], [5, 13, 14, 0], [8, 0, 13, 11], [6, 0, 0, 9], [6, 0, 0, 13], swieRight
[4, 11, 0, 0], [5, 16, 12, 0], [6, 0, 0, 9], [6, 0, 0, 12], [6, 0, 0, 12], [6, 0, 0, 11], swieRight
[8, 0, 13, 0], [8, 14, 14, 0], [8, 0, 20, 0], [5, 0, 15, 14], [6, 0, 0, 11], [6, 0, 0, 11], [9, 0, 0, 13], [9, 0, 0, 16], [6, 0, 0, 12], swieRight
[8, 0, 13, 0], [8, 13, 13, 0], [5, 0, 10, 0], [6, 0, 0, 7], [6, 0, 0, 10], [6, 0, 0, 11], [6, 0, 0, 9], [6, 0, 0, 12], [6, 0, 0, 9], swieRight
[5, 0, 8, 0], [6, 0, 0, 7], swieRight
[5, 0, 17, 0], [8, 15, 16, 0], [8, 15, 15, 0], [5, 0, 12, 14], [6, 0, 0, 11], swieRight
[5, 0, 11, 0], [5, 0, 9, 0], [6, 0, 0, 8], swieRight
[8, 0, 13, 0], [8, 14, 15, 0], [8, 17, 16, 0], [8, 18, 15, 18], [9, 0, 0, 16], [9, 0, 0, 15], [6, 0, 0, 21], [6, 0, 0, 10], swieRight
[8, 0, 14, 0], [5, 0, 12, 0], [5, 0, 10, 0], [6, 0, 0, 8], swieRight
[8, 0, 13, 0], [8, 16, 14, 0], [8, 0, 13, 17], [8, 0, 15, 16], [9, 0, 0, 15], [6, 0, 0, 21], swieRight
[6, 0, 0, 9], swieRight
[5, 0, 11, 0], [6, 0, 0, 10], swieRight
[8, 0, 13, 0], [8, 0, 18, 0], [8, 0, 16, 0], [8, 20, 17, 17], [6, 0, 0, 12], [6, 0, 0, 7], swieRight
[8, 0, 16, 0], [8, 0, 14, 0], [8, 12, 14, 0], [8, 0, 13, 10], swieRight
[4, 12, 0, 0], [5, 11, 15, 0], [5, 14, 11, 0], [6, 0, 0, 10], swieRight
[5, 0, 9, 0], [6, 0, 0, 8], swieRight
[5, 0, 6, 0], [6, 0, 0, 5], swieRight
[5, 0, 8, 0], [2, 0, 5, 0], [6, 0, 0, 8], swieRight
[4, 12, 0, 0], [5, 0, 9, 0], [6, 0, 0, 9], swieRight
[5, 10, 7, 0], [2, 0, 5, 0], [6, 0, 0, 6], [6, 0, 0, 7], [6, 0, 0, 8], swieRight
[5, 11, 15, 0], [5, 14, 11, 0], [6, 0, 0, 12], swieRight
[8, 0, 13, 0], [8, 15, 14, 0], [8, 0, 13, 0], [8, 13, 13, 0], [5, 0, 11, 11], [6, 0, 0, 8], swieRight
[4, 11, 0, 0], [5, 0, 9, 0], [6, 0, 0, 8], swieRight
[4, 10, 0, 0], [5, 10, 13, 0], [5, 0, 8, 10], [6, 0, 0, 8], [6, 0, 0, 9], swieRight
[5, 14, 11, 0], [6, 0, 0, 9], swieRight
[4, 11, 0, 0], [5, 12, 16, 0], [6, 0, 0, 7], swieRight
, swieRight
[7, 16, 0, 0], [5, 15, 17, 0], [5, 17, 13, 0], [6, 0, 0, 10], [6, 0, 0, 11], swieRight
[4, 10, 0, 0], [5, 0, 9, 0], [6, 0, 0, 8], swieRight
[5, 13, 18, 0], [5, 19, 13, 0], [6, 0, 0, 16], [6, 0, 0, 13], [9, 0, 0, 13], [9, 0, 0, 14], [9, 0, 0, 15], swieRight
[6, 0, 0, 6], [6, 0, 0, 7], swieRight
[4, 11, 0, 0], [5, 12, 13, 0], [5, 11, 11, 0], [6, 0, 0, 9], [6, 0, 0, 8], [6, 0, 0, 12], [9, 0, 0, 15], swieRight
