, swieLeft
[6, 0, 0, 12], [5, 0, 9, 0], [4, 10, 0, 0], [4, 10, 0, 0], [4, 12, 0, 0], [7, 15, 0, 0], swieLeft
[9, 0, 0, 13], [6, 0, 0, 11], [9, 0, 0, 13], [5, 0, 17, 15], [5, 0, 14, 0], [4, 12, 0, 0], [7, 17, 0, 0], [4, 11, 0, 0], [4, 16, 0, 0], [4, 13, 0, 0], [4, 12, 0, 0], swieLeft
[6, 0, 0, 12], [9, 0, 0, 13], [6, 0, 0, 12], [5, 0, 13, 0], [8, 0, 18, 0], [5, 14, 14, 0], [7, 13, 0, 0], [4, 12, 0, 0], [7, 15, 0, 0], [4, 18, 0, 0], swieLeft
[6, 0, 0, 17], [5, 0, 13, 0], [8, 13, 17, 0], [4, 11, 0, 0], swieLeft
[5, 0, 13, 0], [8, 15, 26, 0], [7, 15, 0, 0], [4, 10, 0, 0], [4, 12, 0, 0], swieLeft
[5, 0, 12, 0], [4, 7, 0, 0], [4, 12, 0, 0], swieLeft
[8, 13, 13, 0], [4, 11, 0, 0], [4, 12, 0, 0], [7, 18, 0, 0], [7, 19, 0, 0], swieLeft
[5, 0, 7, 0], [4, 6, 0, 0], [1, 4, 0, 0], swieLeft
[5, 0, 14, 13], [8, 0, 13, 0], [8, 11, 14, 0], [4, 11, 0, 0], [4, 12, 0, 0], [7, 17, 0, 0], [7, 15, 0, 0], [7, 13, 0, 0], swieLeft
[5, 0, 11, 0], [4, 10, 0, 0], [4, 10, 0, 0], swieLeft
[6, 0, 0, 9], [5, 0, 8, 0], [4, 9, 0, 0], [4, 7, 0, 0], [4, 10, 0, 0], [4, 11, 0, 0], swieLeft
[6, 0, 0, 9], [6, 0, 0, 10], [6, 0, 0, 11], [6, 0, 0, 9], [6, 0, 0, 12], [5, 0, 11, 0], [8, 0, 13, 0], [4, 10, 0, 0], [7, 13, 0, 0], [7, 13, 0, 0], swieLeft
[6, 0, 0, 15], [5, 0, 16, 0], [8, 0, 15, 0], [8, 15, 16, 0], [7, 16, 0, 0], [7, 16, 0, 0], [7, 18, 0, 0], [7, 16, 0, 0], swieLeft
[6, 0, 0, 9], [5, 0, 8, 0], [4, 9, 0, 0], [4, 9, 0, 0], [4, 10, 0, 0], swieLeft
[5, 0, 9, 0], [4, 8, 0, 0], [7, 13, 0, 0], swieLeft
[5, 0, 11, 0], [5, 0, 12, 0], [4, 10, 0, 0], [4, 11, 0, 0], [7, 13, 0, 0], [7, 13, 0, 0], [7, 14, 0, 0], [4, 8, 0, 0], swieLeft
[5, 0, 15, 0], [4, 16, 0, 0], [7, 16, 0, 0], [7, 15, 0, 0], [7, 16, 0, 0], [7, 18, 0, 0], [7, 18, 0, 0], swieLeft
[5, 0, 9, 0], [4, 9, 0, 0], [4, 8, 0, 0], [4, 12, 0, 0], swieLeft
[5, 0, 11, 0], [5, 0, 11, 0], [4, 15, 0, 0], swieLeft
[6, 0, 0, 10], [9, 0, 0, 19], [5, 0, 14, 0], [4, 14, 0, 0], [4, 18, 0, 0], [7, 21, 0, 0], [4, 14, 0, 0], [4, 12, 0, 0], [4, 8, 0, 0], swieLeft
[6, 0, 0, 7], [5, 0, 8, 0], swieLeft
[5, 0, 9, 0], [5, 0, 8, 0], [5, 12, 10, 0], [4, 8, 0, 0], [4, 11, 0, 0], [4, 9, 0, 0], [4, 9, 0, 0], [4, 10, 0, 0], [4, 11, 0, 0], [7, 14, 0, 0], swieLeft
[6, 0, 0, 15], [9, 0, 0, 13], [9, 0, 0, 16], [5, 0, 13, 0], [8, 0, 13, 0], [8, 13, 15, 0], [8, 13, 16, 0], [7, 14, 0, 0], [4, 12, 0, 0], [7, 16, 0, 0], [4, 14, 0, 0], [7, 14, 0, 0], swieLeft
[6, 0, 0, 12], [6, 0, 0, 12], [9, 0, 0, 13], [5, 0, 15, 0], [8, 0, 18, 0], [8, 14, 18, 0], [7, 14, 0, 0], [7, 17, 0, 0], swieLeft
[9, 0, 0, 14], [6, 0, 0, 12], [5, 0, 10, 0], [4, 12, 0, 0], [4, 8, 0, 0], [4, 10, 0, 0], swieLeft
[6, 0, 0, 21], [6, 0, 0, 16], [5, 0, 13, 0], [8, 15, 16, 0], [7, 14, 0, 0], [7, 17, 0, 0], [4, 16, 0, 0], [7, 14, 0, 0], [4, 12, 0, 0], swieLeft
[6, 0, 0, 11], [6, 0, 0, 7], [5, 0, 9, 0], [5, 0, 12, 0], [4, 7, 0, 0], [4, 11, 0, 0], [4, 7, 0, 0], swieLeft
[6, 0, 0, 10], [5, 0, 9, 0], [4, 11, 0, 0], [4, 7, 0, 0], [4, 10, 0, 0], swieLeft
[5, 0, 16, 22], [8, 18, 15, 0], [8, 13, 16, 0], [7, 21, 0, 0], [4, 18, 0, 0], [7, 17, 0, 0], [4, 14, 0, 0], [4, 11, 0, 0], swieLeft
[6, 0, 0, 8], [5, 0, 8, 0], [4, 6, 0, 0], [4, 11, 0, 0], swieLeft
[6, 0, 0, 9], [6, 0, 0, 12], [5, 0, 16, 0], [4, 15, 0, 0], [5, 11, 17, 0], [7, 14, 0, 0], [4, 12, 0, 0], [7, 14, 0, 0], [4, 12, 0, 0], [7, 14, 0, 0], swieLeft
[6, 0, 0, 17], [6, 0, 0, 14], [5, 0, 15, 0], [8, 16, 18, 0], [8, 15, 18, 0], [4, 15, 0, 0], [7, 15, 0, 0], [4, 14, 0, 0], swieLeft
[4, 11, 0, 0], [4, 8, 0, 0], swieLeft
