[6, 0, 0, 3], [3, 0, 0, 5], [9, 0, 0, 15], [5, 0, 20, 19], [9, 0, 0, 22], [5, 0, 29, 0], [6, 0, 0, 25], [5, 0, 25, 0], swipeUp
[1, 4, 0, 0], [1, 3, 0, 0], [4, 7, 0, 0], [7, 13, 0, 0], [5, 20, 24, 0], [8, 28, 27, 0], [8, 27, 29, 0], [7, 29, 0, 0], [5, 0, 29, 0], [4, 25, 0, 0], swipeUp
[5, 0, 7, 0], [2, 0, 4, 0], [2, 0, 4, 0], [2, 0, 5, 0], [5, 0, 12, 0], [8, 0, 17, 0], [8, 21, 21, 0], [8, 28, 25, 0], [6, 0, 0, 27], [5, 0, 29, 0], swipeUp
[6, 0, 0, 10], [9, 0, 0, 17], [5, 0, 19, 22], [8, 0, 25, 26], [5, 0, 29, 0], [8, 0, 27, 24], swipeUp
[4, 8, 0, 0], [5, 7, 15, 0], [8, 13, 16, 0], [8, 19, 21, 0], [8, 23, 25, 0], [5, 0, 29, 0], swipeUp
[5, 0, 6, 0], [2, 0, 5, 0], [5, 0, 8, 0], [8, 0, 15, 0], [8, 22, 20, 0], [8, 0, 26, 0], [8, 0, 27, 0], [5, 0, 26, 0], [8, 0, 24, 0], swipeUp
[6, 0, 0, 7], [9, 0, 0, 13], [9, 0, 0, 20], swipeUp
[5, 0, 10, 0], [5, 0, 7, 0], [8, 0, 13, 0], [8, 0, 23, 0], [8, 26, 27, 0], [4, 27, 0, 0], swipeUp
[4, 6, 0, 0], [1, 5, 0, 0], [4, 10, 0, 0], [5, 0, 24, 0], [5, 0, 23, 0], swipeUp
[5, 0, 7, 0], [2, 0, 5, 0], [5, 0, 9, 0], [8, 0, 18, 0], [4, 24, 0, 0], swipeUp
[6, 0, 0, 10], [9, 0, 0, 15], [9, 0, 0, 24], [9, 0, 0, 30], [6, 0, 0, 29], swipeUp
[5, 0, 6, 0], [5, 0, 11, 0], [5, 25, 28, 0], swipeUp
[5, 0, 29, 0], [6, 0, 0, 27], swipeUp
[6, 0, 0, 8], [3, 0, 0, 4], [6, 0, 0, 7], [9, 0, 0, 13], [5, 0, 19, 25], swipeUp
[5, 0, 9, 0], [2, 0, 5, 0], [5, 0, 7, 0], [8, 13, 13, 0], [8, 22, 22, 0], [8, 0, 27, 0], swipeUp
[5, 0, 8, 0], [5, 0, 9, 0], [8, 0, 17, 17], [8, 0, 29, 0], [8, 0, 28, 0], [5, 0, 27, 0], swipeUp
[6, 0, 0, 7], [3, 0, 0, 5], [6, 0, 0, 10], [9, 0, 0, 17], [5, 0, 29, 24], [9, 0, 0, 27], [6, 0, 0, 29], [5, 0, 25, 20], swipeUp
[5, 0, 9, 0], [5, 0, 7, 0], [5, 0, 7, 0], [8, 11, 13, 0], [8, 16, 27, 0], [8, 24, 26, 0], swipeUp
[5, 0, 16, 20], [8, 0, 23, 0], [8, 0, 29, 0], swipeUp
[3, 0, 0, 5], [3, 0, 0, 5], [5, 0, 15, 15], [8, 0, 20, 0], [8, 0, 28, 30], swipeUp
