[6, 0, 0, 5], [3, 0, 0, 5], [5, 0, 7, 0], [4, 16, 0, 0], [4, 7, 0, 0], swipeLeft
[9, 0, 0, 14], [6, 0, 0, 8], [6, 0, 0, 8], [5, 0, 9, 0], [5, 11, 10, 0], [4, 7, 0, 0], [4, 8, 0, 0], [4, 13, 0, 0], [4, 12, 0, 0], [4, 10, 0, 0], swipeLeft
[6, 0, 0, 17], [9, 0, 0, 18], [6, 0, 0, 13], [9, 0, 0, 13], [5, 0, 16, 0], [8, 13, 17, 0], [5, 12, 14, 0], [7, 20, 0, 0], [5, 13, 19, 0], [7, 17, 0, 0], [4, 13, 0, 0], swipeLeft
[6, 0, 0, 11], [6, 0, 0, 7], [5, 0, 7, 0], [5, 0, 9, 0], [4, 6, 0, 0], [1, 5, 0, 0], [4, 6, 0, 0], [4, 8, 0, 0], [4, 6, 0, 0], swipeLeft
[6, 0, 0, 10], [5, 0, 10, 0], [5, 0, 11, 0], [4, 8, 0, 0], [4, 8, 0, 0], [4, 8, 0, 0], [4, 9, 0, 0], [4, 9, 0, 0], swipeLeft
[9, 0, 0, 17], [6, 0, 0, 13], [9, 0, 0, 16], [5, 0, 22, 0], [5, 13, 13, 0], [8, 13, 16, 0], [8, 13, 16, 0], [7, 16, 0, 0], [5, 18, 18, 0], swipeLeft
[6, 0, 0, 11], [6, 0, 0, 8], [6, 0, 0, 9], [6, 0, 0, 9], [5, 0, 6, 0], [4, 8, 0, 0], [4, 7, 0, 0], [4, 8, 0, 0], [4, 9, 0, 0], [4, 8, 0, 0], [4, 7, 0, 0], swipeLeft
[9, 0, 0, 15], [6, 0, 0, 13], [5, 0, 16, 0], [5, 0, 11, 0], [8, 13, 14, 0], [7, 16, 0, 0], [5, 17, 18, 0], [7, 15, 0, 0], [7, 16, 0, 0], swipeLeft
[6, 0, 0, 11], [6, 0, 0, 8], [5, 0, 9, 0], [5, 0, 12, 0], [4, 8, 0, 0], [4, 9, 0, 0], [4, 9, 0, 0], swipeLeft
[6, 0, 0, 12], [6, 0, 0, 6], [5, 0, 6, 0], [4, 5, 0, 0], [4, 8, 0, 0], [4, 8, 0, 0], swipeLeft
[9, 0, 0, 13], [6, 0, 0, 15], [9, 0, 0, 17], [9, 0, 0, 19], [5, 0, 21, 0], [4, 17, 0, 0], [7, 17, 0, 0], [7, 17, 0, 0], [5, 0, 19, 0], swipeLeft
[6, 0, 0, 10], [6, 0, 0, 9], [5, 0, 8, 0], [4, 7, 0, 0], [4, 8, 0, 0], [4, 10, 0, 0], swipeLeft
[6, 0, 0, 9], [5, 0, 11, 0], [4, 9, 0, 0], [4, 10, 0, 0], [4, 11, 0, 0], [5, 12, 15, 0], [5, 0, 9, 0], swipeLeft
[5, 0, 10, 0], [4, 9, 0, 0], swipeLeft
[5, 0, 15, 13], [5, 17, 12, 0], [8, 16, 17, 0], [4, 12, 0, 0], [5, 12, 19, 0], [7, 14, 0, 0], [7, 13, 0, 0], swipeLeft
[6, 0, 0, 10], [5, 0, 8, 0], [5, 12, 11, 0], [4, 7, 0, 0], [7, 16, 0, 0], [4, 9, 0, 0], [4, 10, 0, 0], swipeLeft
[6, 0, 0, 8], [5, 0, 11, 0], [5, 13, 11, 0], [4, 7, 0, 0], [4, 8, 0, 0], swipeLeft
[5, 0, 9, 0], [4, 10, 0, 0], [4, 8, 0, 0], [4, 7, 0, 0], [4, 10, 0, 0], [4, 11, 0, 0], swipeLeft
[5, 0, 8, 0], [4, 7, 0, 0], [4, 11, 0, 0], swipeLeft
[5, 0, 8, 0], [4, 7, 0, 0], [4, 7, 0, 0], [4, 7, 0, 0], [4, 8, 0, 0], [4, 9, 0, 0], [4, 10, 0, 0], [4, 11, 0, 0], swipeLeft
[5, 0, 17, 0], [8, 0, 15, 0], [8, 15, 16, 0], [8, 17, 21, 0], [7, 15, 0, 0], [7, 19, 0, 0], [4, 17, 0, 0], swipeLeft
[5, 0, 9, 0], [5, 12, 11, 0], [4, 8, 0, 0], [4, 9, 0, 0], swipeLeft
[5, 0, 12, 0], [5, 13, 9, 0], [4, 6, 0, 0], [4, 8, 0, 0], [4, 11, 0, 0], swipeLeft
[5, 15, 14, 0], [4, 13, 0, 0], [7, 13, 0, 0], [7, 13, 0, 0], swipeLeft
[5, 0, 12, 0], [4, 9, 0, 0], [4, 8, 0, 0], [4, 10, 0, 0], [4, 10, 0, 0], swipeLeft
[5, 0, 12, 0], [5, 0, 8, 0], [5, 0, 10, 0], [5, 0, 10, 0], [5, 23, 12, 0], [8, 9, 15, 0], [4, 10, 0, 0], [4, 10, 0, 0], swipeLeft
[5, 0, 11, 0], [5, 0, 11, 0], [5, 9, 12, 0], [8, 8, 16, 0], [8, 8, 17, 0], [4, 9, 0, 0], [4, 9, 0, 0], [4, 8, 0, 0], [4, 11, 0, 0], [4, 11, 0, 0], [4, 12, 0, 0], [4, 12, 0, 0], [4, 11, 0, 0], [7, 16, 0, 0], swipeLeft
[5, 0, 10, 0], [5, 0, 7, 0], [5, 0, 8, 0], [5, 0, 8, 0], [5, 0, 10, 0], [5, 0, 9, 0], [5, 9, 10, 0], [4, 8, 0, 0], [4, 8, 0, 0], [4, 10, 0, 0], [4, 10, 0, 0], [4, 10, 0, 0], swipeLeft
[5, 11, 15, 0], [4, 12, 0, 0], swipeLeft
[9, 0, 0, 13], [5, 18, 14, 0], [8, 13, 13, 0], [4, 10, 0, 0], [7, 14, 0, 0], [7, 13, 0, 0], [4, 12, 0, 0], [7, 14, 0, 0], swipeLeft
[5, 0, 15, 0], [5, 0, 11, 0], [4, 11, 0, 0], [4, 12, 0, 0], swipeLeft
[5, 0, 12, 0], [4, 6, 0, 0], swipeLeft
