[6, 0, 0, 7], [6, 0, 0, 6], [6, 0, 0, 8], [5, 0, 10, 0], [4, 6, 0, 0], [4, 6, 0, 0], [4, 9, 0, 0], swipeLeft.txt
[6, 0, 0, 7], [5, 0, 6, 0], [8, 0, 13, 0], [4, 6, 0, 0], [4, 7, 0, 0], [4, 8, 0, 0], [4, 11, 0, 0], [4, 11, 0, 0], swipeLeft.txt
[5, 0, 13, 0], [8, 14, 16, 0], [7, 13, 0, 0], [7, 14, 0, 0], [7, 16, 0, 0], [4, 14, 0, 0], swipeLeft.txt
[9, 0, 0, 19], [5, 0, 17, 0], [8, 0, 19, 0], [8, 20, 23, 0], [8, 20, 25, 0], [7, 22, 0, 0], [7, 21, 0, 0], swipeLeft.txt
[5, 0, 10, 0], [4, 8, 0, 0], [4, 10, 0, 0], [7, 13, 0, 0], swipeLeft.txt
[5, 0, 8, 0], [4, 11, 0, 0], [4, 7, 0, 0], [4, 8, 0, 0], [4, 11, 0, 0], swipeLeft.txt
[5, 0, 19, 0], [8, 0, 17, 0], [8, 0, 18, 0], [4, 14, 0, 0], [7, 17, 0, 0], [4, 16, 0, 0], [4, 17, 0, 0], swipeLeft.txt
[5, 0, 12, 0], [5, 0, 11, 0], [4, 8, 0, 0], swipeLeft.txt
[9, 0, 0, 16], [5, 0, 14, 0], [4, 14, 0, 0], [7, 16, 0, 0], [7, 14, 0, 0], [7, 15, 0, 0], [7, 16, 0, 0], swipeLeft.txt
[5, 0, 7, 0], [4, 8, 0, 0], [4, 9, 0, 0], swipeLeft.txt
[6, 0, 0, 10], [5, 0, 13, 0], [5, 0, 11, 0], [4, 15, 0, 0], [4, 8, 0, 0], [4, 10, 0, 0], [4, 11, 0, 0], [7, 13, 0, 0], swipeLeft.txt
[5, 0, 13, 0], [5, 0, 10, 0], [4, 9, 0, 0], [4, 10, 0, 0], [4, 11, 0, 0], [4, 12, 0, 0], swipeLeft.txt
[5, 0, 10, 0], [8, 0, 13, 0], [4, 11, 0, 0], [4, 12, 0, 0], swipeLeft.txt
[6, 0, 0, 12], [5, 0, 15, 0], [8, 16, 14, 0], [7, 15, 0, 0], [7, 14, 0, 0], [4, 17, 0, 0], [7, 15, 0, 0], [7, 14, 0, 0], swipeLeft.txt
[5, 0, 9, 0], [5, 0, 10, 0], [4, 8, 0, 0], [7, 13, 0, 0], [4, 11, 0, 0], swipeLeft.txt
[9, 0, 0, 17], [5, 0, 15, 0], [8, 16, 19, 0], [7, 14, 0, 0], [7, 14, 0, 0], [7, 18, 0, 0], [7, 19, 0, 0], [7, 17, 0, 0], swipeLeft.txt
