[4, 16, 0, 0], [4, 11, 0, 0], [4, 6, 0, 0], [4, 7, 0, 0], [1, 4, 0, 0], [1, 4, 0, 0], [1, 5, 0, 0], swipeDown
[8, 0, 21, 0], [8, 0, 24, 0], [8, 0, 22, 0], [6, 0, 0, 20], [5, 0, 14, 0], [5, 0, 8, 0], [8, 0, 13, 0], [2, 0, 4, 0], [2, 0, 3, 0], [2, 0, 3, 0], swipeDown
[8, 0, 25, 21], [9, 0, 0, 22], [6, 0, 0, 14], [6, 0, 0, 8], [6, 0, 0, 6], [6, 0, 0, 4], [3, 0, 0, 4], [6, 0, 0, 6], swipeDown
[5, 0, 23, 0], [5, 0, 19, 0], [5, 17, 16, 0], [8, 11, 14, 0], [4, 8, 0, 0], swipeDown
[5, 0, 21, 0], [5, 0, 18, 0], [5, 0, 10, 0], [5, 0, 8, 0], [2, 0, 4, 0], [2, 0, 5, 0], [2, 0, 3, 0], swipeDown
[9, 0, 0, 27], [5, 0, 27, 0], [5, 0, 22, 18], [6, 0, 0, 10], [6, 0, 0, 7], [3, 0, 0, 4], [3, 0, 0, 4], swipeDown
[5, 0, 29, 21], [5, 0, 20, 21], [8, 0, 18, 14], [5, 0, 13, 8], [6, 0, 0, 6], [3, 0, 0, 4], [6, 0, 0, 8], [6, 0, 0, 7], swipeDown
[5, 24, 27, 0], [5, 0, 19, 0], [8, 0, 18, 0], [5, 0, 7, 0], [2, 0, 5, 0], [2, 0, 4, 0], [2, 0, 5, 0], swipeDown
[5, 25, 26, 0], [5, 0, 20, 0], [4, 14, 0, 0], [4, 8, 0, 0], [4, 6, 0, 0], swipeDown
[8, 0, 24, 0], [8, 0, 27, 0], [5, 24, 19, 0], [8, 20, 21, 0], [5, 0, 11, 0], [5, 0, 7, 0], [2, 0, 5, 0], [2, 0, 4, 0], swipeDown
[5, 0, 28, 0], [6, 0, 0, 19], [6, 0, 0, 11], [5, 0, 10, 11], [6, 0, 0, 8], [6, 0, 0, 7], [6, 0, 0, 6], [6, 0, 0, 10], swipeDown
[8, 0, 30, 0], [5, 24, 24, 0], [7, 23, 0, 0], [5, 0, 15, 0], [4, 10, 0, 0], [5, 8, 10, 0], swipeDown
[5, 0, 22, 17], [5, 19, 14, 0], [5, 0, 8, 0], [2, 0, 5, 0], [2, 0, 5, 0], swipeDown
[6, 0, 0, 20], [5, 0, 13, 10], [6, 0, 0, 7], [3, 0, 0, 4], [3, 0, 0, 4], [6, 0, 0, 7], swipeDown
[8, 23, 23, 0], [5, 0, 18, 0], [5, 13, 12, 0], [4, 9, 0, 0], swipeDown
[4, 25, 0, 0], [5, 0, 13, 0], [5, 0, 8, 0], swipeDown
[5, 0, 26, 22], [8, 0, 26, 18], [5, 0, 15, 12], [6, 0, 0, 8], [3, 0, 0, 5], [3, 0, 0, 5], [6, 0, 0, 6], [6, 0, 0, 7], swipeDown
[5, 18, 16, 0], [5, 12, 11, 0], [5, 0, 6, 0], [2, 0, 5, 0], [5, 0, 6, 0], swipeDown
[8, 0, 29, 0], [5, 0, 28, 0], [5, 0, 22, 0], [5, 0, 17, 0], [5, 0, 12, 0], [5, 0, 11, 0], [5, 0, 6, 0], [5, 0, 9, 0], swipeDown
[6, 0, 0, 26], [6, 0, 0, 21], [5, 0, 16, 16], [6, 0, 0, 7], [3, 0, 0, 5], [3, 0, 0, 4], swipeDown
[4, 28, 0, 0], [5, 17, 15, 0], [5, 13, 10, 0], [5, 0, 8, 0], swipeDown
[5, 0, 27, 0], [8, 0, 27, 0], [5, 0, 22, 0], [5, 0, 18, 16], [5, 0, 9, 0], [5, 0, 8, 0], [5, 0, 6, 0], [5, 0, 11, 0], swipeDown
[5, 0, 24, 21], [8, 0, 24, 18], [5, 0, 16, 12], [6, 0, 0, 7], [6, 0, 0, 6], [6, 0, 0, 7], swipeDown
[5, 0, 23, 0], [4, 29, 0, 0], [5, 0, 20, 0], [5, 16, 13, 0], [5, 11, 7, 0], [5, 0, 6, 0], [5, 0, 6, 0], [5, 0, 8, 0], swipeDown
[5, 0, 24, 20], [5, 0, 16, 12], [6, 0, 0, 8], [6, 0, 0, 7], [3, 0, 0, 5], swipeDown
