[4, 9, 0, 0], [4, 8, 0, 0], [4, 9, 0, 0], [4, 8, 0, 0], [4, 10, 0, 0], [4, 7, 0, 0], [4, 7, 0, 0], [5, 0, 7, 0], [6, 0, 0, 9], [6, 0, 0, 8], [6, 0, 0, 10], swipeRight
[7, 13, 0, 0], [7, 14, 0, 0], [5, 14, 18, 0], [5, 15, 14, 0], [6, 0, 0, 12], [9, 0, 0, 14], swipeRight
[4, 8, 0, 0], [5, 0, 6, 0], [6, 0, 0, 8], [6, 0, 0, 8], swipeRight
[8, 13, 13, 0], [6, 0, 0, 11], [6, 0, 0, 10], swipeRight
[5, 0, 6, 0], [6, 0, 0, 5], swipeRight
[4, 19, 0, 0], [5, 21, 18, 0], [4, 17, 0, 0], [5, 19, 15, 0], [6, 0, 0, 15], [9, 0, 0, 16], swipeRight
[7, 14, 0, 0], [5, 12, 18, 0], [8, 0, 16, 15], [9, 0, 0, 13], [6, 0, 0, 12], swipeRight
[8, 0, 17, 0], [8, 15, 18, 0], [5, 0, 13, 0], [6, 0, 0, 13], [9, 0, 0, 16], swipeRight
[4, 13, 0, 0], [5, 16, 17, 0], [6, 0, 0, 14], [6, 0, 0, 11], [6, 0, 0, 13], [6, 0, 0, 10], swipeRight
[4, 10, 0, 0], [5, 13, 11, 0], [6, 0, 0, 8], [6, 0, 0, 9], [6, 0, 0, 10], [6, 0, 0, 8], swipeRight
[5, 0, 12, 0], swipeRight
[6, 0, 0, 6], [6, 0, 0, 10], swipeRight
[5, 0, 11, 0], [5, 0, 9, 0], [6, 0, 0, 9], swipeRight
[8, 0, 20, 0], [5, 0, 17, 0], [8, 0, 16, 16], swipeRight
[8, 14, 16, 0], [5, 0, 13, 16], [8, 0, 16, 16], [9, 0, 0, 17], swipeRight
[7, 13, 0, 0], [5, 13, 14, 0], [8, 0, 13, 11], [6, 0, 0, 9], [6, 0, 0, 13], swipeRight
[4, 11, 0, 0], [5, 16, 12, 0], [6, 0, 0, 9], [6, 0, 0, 12], [6, 0, 0, 12], [6, 0, 0, 11], swipeRight
[8, 0, 13, 0], [8, 14, 14, 0], [8, 0, 20, 0], [5, 0, 15, 14], [6, 0, 0, 11], [6, 0, 0, 11], [9, 0, 0, 13], [9, 0, 0, 16], [6, 0, 0, 12], swipeRight
[8, 0, 13, 0], [8, 13, 13, 0], [5, 0, 10, 0], [6, 0, 0, 7], [6, 0, 0, 10], [6, 0, 0, 11], [6, 0, 0, 9], [6, 0, 0, 12], [6, 0, 0, 9], swipeRight
[5, 0, 8, 0], [6, 0, 0, 7], swipeRight
[5, 0, 17, 0], [8, 15, 16, 0], [8, 15, 15, 0], [5, 0, 12, 14], [6, 0, 0, 11], swipeRight
[5, 0, 11, 0], [5, 0, 9, 0], [6, 0, 0, 8], swipeRight
[8, 0, 13, 0], [8, 14, 15, 0], [8, 17, 16, 0], [8, 18, 15, 18], [9, 0, 0, 16], [9, 0, 0, 15], [6, 0, 0, 21], [6, 0, 0, 10], swipeRight
[8, 0, 14, 0], [5, 0, 12, 0], [5, 0, 10, 0], [6, 0, 0, 8], swipeRight
[8, 0, 13, 0], [8, 16, 14, 0], [8, 0, 13, 17], [8, 0, 15, 16], [9, 0, 0, 15], [6, 0, 0, 21], swipeRight
[6, 0, 0, 9], swipeRight
[5, 0, 11, 0], [6, 0, 0, 10], swipeRight
[8, 0, 13, 0], [8, 0, 18, 0], [8, 0, 16, 0], [8, 20, 17, 17], [6, 0, 0, 12], [6, 0, 0, 7], swipeRight
[8, 0, 16, 0], [8, 0, 14, 0], [8, 12, 14, 0], [8, 0, 13, 10], swipeRight
[4, 12, 0, 0], [5, 11, 15, 0], [5, 14, 11, 0], [6, 0, 0, 10], swipeRight
[5, 0, 9, 0], [6, 0, 0, 8], swipeRight
[5, 0, 6, 0], [6, 0, 0, 5], swipeRight
[5, 0, 8, 0], [2, 0, 5, 0], [6, 0, 0, 8], swipeRight
[4, 12, 0, 0], [5, 0, 9, 0], [6, 0, 0, 9], swipeRight
[5, 10, 7, 0], [2, 0, 5, 0], [6, 0, 0, 6], [6, 0, 0, 7], [6, 0, 0, 8], swipeRight
[5, 11, 15, 0], [5, 14, 11, 0], [6, 0, 0, 12], swipeRight
[8, 0, 13, 0], [8, 15, 14, 0], [8, 0, 13, 0], [8, 13, 13, 0], [5, 0, 11, 11], [6, 0, 0, 8], swipeRight
[4, 11, 0, 0], [5, 0, 9, 0], [6, 0, 0, 8], swipeRight
[4, 10, 0, 0], [5, 10, 13, 0], [5, 0, 8, 10], [6, 0, 0, 8], [6, 0, 0, 9], swipeRight
[5, 14, 11, 0], [6, 0, 0, 9], swipeRight
[4, 11, 0, 0], [5, 12, 16, 0], [6, 0, 0, 7], swipeRight
, swipeRight
[7, 16, 0, 0], [5, 15, 17, 0], [5, 17, 13, 0], [6, 0, 0, 10], [6, 0, 0, 11], swipeRight
[4, 10, 0, 0], [5, 0, 9, 0], [6, 0, 0, 8], swipeRight
[5, 13, 18, 0], [5, 19, 13, 0], [6, 0, 0, 16], [6, 0, 0, 13], [9, 0, 0, 13], [9, 0, 0, 14], [9, 0, 0, 15], swipeRight
[6, 0, 0, 6], [6, 0, 0, 7], swipeRight
[4, 11, 0, 0], [5, 12, 13, 0], [5, 11, 11, 0], [6, 0, 0, 9], [6, 0, 0, 8], [6, 0, 0, 12], [9, 0, 0, 15], swipeRight
[5, 9, 10, 0], [6, 0, 0, 8], [6, 0, 0, 11], swipeRight
[4, 11, 0, 0], [4, 11, 0, 0], [4, 10, 0, 0], [4, 11, 0, 0], [5, 9, 11, 0], [5, 0, 9, 0], [6, 0, 0, 9], [6, 0, 0, 7], [6, 0, 0, 9], [6, 0, 0, 10], [6, 0, 0, 7], swipeRight
[7, 13, 0, 0], [5, 10, 11, 0], [5, 0, 8, 11], [6, 0, 0, 9], swipeRight
[4, 10, 0, 0], [5, 9, 11, 0], [5, 0, 10, 12], [6, 0, 0, 8], swipeRight
[7, 13, 0, 0], [5, 11, 16, 0], [5, 12, 10, 0], [6, 0, 0, 9], [6, 0, 0, 12], [9, 0, 0, 16], swipeRight
[4, 9, 0, 0], [4, 8, 0, 0], [5, 0, 7, 0], [6, 0, 0, 7], [6, 0, 0, 8], [6, 0, 0, 9], [6, 0, 0, 7], [6, 0, 0, 10], [6, 0, 0, 11], swipeRight
[5, 8, 7, 0], [6, 0, 0, 7], [6, 0, 0, 10], [9, 0, 0, 13], swipeRight
[5, 11, 11, 0], [5, 0, 9, 0], [6, 0, 0, 7], [6, 0, 0, 18], swipeRight
[4, 11, 0, 0], [7, 13, 0, 0], [5, 0, 10, 0], [6, 0, 0, 8], [6, 0, 0, 10], swipeRight
[5, 0, 11, 0], [6, 0, 0, 7], [6, 0, 0, 11], [9, 0, 0, 14], swipeRight
[4, 10, 0, 0], [4, 9, 0, 0], [5, 9, 11, 0], [5, 0, 9, 0], [6, 0, 0, 8], [6, 0, 0, 11], [6, 0, 0, 10], [6, 0, 0, 12], swipeRight
[5, 11, 15, 0], [6, 0, 0, 13], [6, 0, 0, 11], [6, 0, 0, 12], [9, 0, 0, 13], swipeRight
[4, 12, 0, 0], [4, 12, 0, 0], [5, 10, 17, 0], [5, 9, 10, 0], [5, 0, 11, 0], [6, 0, 0, 13], [6, 0, 0, 11], [6, 0, 0, 11], [9, 0, 0, 17], [6, 0, 0, 13], swipeRight
[4, 11, 0, 0], [7, 13, 0, 0], [7, 13, 0, 0], [5, 0, 8, 0], [6, 0, 0, 16], [6, 0, 0, 10], [6, 0, 0, 10], swipeRight
[4, 12, 0, 0], [5, 9, 13, 0], [6, 0, 0, 11], [6, 0, 0, 11], swipeRight
[4, 8, 0, 0], [4, 7, 0, 0], [5, 0, 7, 0], [6, 0, 0, 8], swipeRight
[4, 9, 0, 0], [4, 10, 0, 0], [4, 10, 0, 0], [4, 9, 0, 0], [5, 13, 10, 0], [5, 0, 8, 0], [6, 0, 0, 11], [6, 0, 0, 12], [6, 0, 0, 11], [6, 0, 0, 9], swipeRight
[5, 0, 20, 0], [5, 17, 16, 0], [8, 17, 17, 0], [8, 0, 19, 18], [6, 0, 0, 15], [9, 0, 0, 15], [9, 0, 0, 16], [5, 0, 15, 0], swipeRight
[4, 10, 0, 0], [5, 10, 9, 0], [5, 0, 10, 8], [6, 0, 0, 8], [6, 0, 0, 11], swipeRight
[4, 9, 0, 0], [5, 9, 11, 0], [5, 0, 10, 13], [6, 0, 0, 9], [6, 0, 0, 9], [6, 0, 0, 6], swipeRight
[5, 11, 15, 0], [8, 0, 15, 0], [6, 0, 0, 13], [9, 0, 0, 14], [9, 0, 0, 13], [9, 0, 0, 13], swipeRight
[8, 0, 19, 0], [4, 18, 0, 0], [5, 0, 19, 0], [8, 0, 19, 0], [5, 17, 16, 0], [8, 0, 20, 16], [9, 0, 0, 14], [9, 0, 0, 13], [9, 0, 0, 20], swipeRight
[5, 0, 9, 0], [6, 0, 0, 8], [6, 0, 0, 9], [6, 0, 0, 10], [6, 0, 0, 9], swipeRight
[4, 11, 0, 0], [5, 0, 8, 0], swipeRight
[67, 5, 13, 13], [0, 10, 15, 13], [13, 6, 0, 0], [11, 6, 0, 0], [12, 6, 0, 0], swipeRight
[11, 4, 7, 0], [0, 5, 0, 7], [0, 6, 0, 0], swipeRight
[5, 7, 17, 0], [0, 5, 16, 17], [0, 6, 0, 0], [11, 6, 0, 0], [11, 6, 0, 0], [9, 6, 0, 0], [10, 9, 0, 0], [13, 9, 0, 0], swipeRight
[14, 4, 16, 0], [0, 5, 15, 19], [0, 5, 18, 14], [0, 8, 0, 15], [15, 9, 0, 0], [13, 9, 0, 0], [13, 9, 0, 0], [13, 6, 0, 0], [12, 6, 0, 0], [12, 9, 0, 0], swipeRight
[13, 7, 14, 0], [0, 5, 12, 16], [0, 5, 15, 13], [0, 6, 0, 0], [11, 6, 0, 0], swipeRight
[12, 67, 4, 12], [0, 0, 5, 11], [13, 0, 10, 13], [10, 10, 6, 0], swipeRight
[0, 11, 4, 9], [0, 0, 4, 9], [0, 0, 5, 0], [10, 9, 6, 0], swipeRight
[0, 9, 4, 9], [0, 0, 4, 11], [0, 0, 4, 10], [0, 0, 5, 8], [9, 0, 5, 0], [10, 9, 6, 0], swipeRight
[0, 12, 4, 7], [0, 0, 6, 0], swipeRight
[0, 6, 7, 19], [0, 0, 5, 16], [22, 0, 8, 16], [22, 0, 5, 15], [16, 0, 8, 0], [15, 0, 8, 0], [16, 15, 9, 0], swipeRight
[0, 15, 5, 0], [8, 0, 6, 0], swipeRight
[0, 8, 5, 10], [9, 0, 6, 0], swipeRight
[0, 10, 4, 13], [0, 0, 4, 9], [0, 0, 5, 9], [14, 0, 5, 10], [8, 0, 5, 0], [8, 8, 6, 0], [0, 6, 6, 0], swipeRight
[0, 9, 7, 13], [0, 0, 5, 11], [12, 0, 5, 0], [11, 9, 6, 0], swipeRight
[0, 11, 4, 9], [0, 0, 4, 7], [0, 0, 4, 7], [0, 0, 4, 6], [0, 0, 5, 0], [9, 0, 5, 0], [6, 0, 6, 0], swipeRight
[0, 7, 5, 9], [14, 0, 5, 0], [11, 12, 9, 0], [0, 21, 6, 0], swipeRight
[0, 16, 4, 11], [0, 0, 5, 0], [10, 11, 6, 0], swipeRight
[0, 10, 5, 0], swipeRight
[10, 7, 4, 11], [0, 0, 5, 12], [14, 0, 5, 0], [11, 11, 6, 0], [0, 9, 6, 0], [0, 12, 9, 0], swipeRight
[0, 19, 5, 0], [11, 0, 6, 0], swipeRight
[0, 10, 4, 11], [0, 0, 4, 12], [0, 0, 4, 11], [0, 0, 5, 13], [15, 0, 5, 12], [12, 0, 5, 0], [10, 0, 5, 0], swipeRight
[11, 10, 4, 10], [0, 0, 4, 10], [0, 0, 4, 10], [0, 0, 4, 10], [0, 0, 4, 10], [0, 0, 4, 11], [0, 0, 5, 9], [13, 0, 5, 11], [12, 0, 5, 10], [10, 0, 5, 0], [9, 23, 6, 0], swipeRight
[0, 9, 5, 9], [9, 0, 8, 0], [13, 6, 6, 0], swipeRight
[0, 9, 4, 10], [0, 0, 4, 9], [0, 0, 4, 10], [0, 0, 5, 0], [9, 0, 6, 0], swipeRight
[0, 8, 4, 11], [0, 0, 4, 12], [0, 0, 5, 13], [17, 0, 7, 15], [0, 0, 5, 0], [15, 15, 9, 0], swipeRight
[0, 13, 5, 15], [20, 0, 8, 0], [19, 0, 8, 0], [19, 0, 6, 0], swipeRight
[0, 17, 4, 11], [0, 0, 6, 0], swipeRight
[0, 7, 4, 9], [0, 0, 4, 9], [0, 0, 4, 9], [0, 0, 5, 8], [8, 0, 5, 0], [7, 7, 3, 0], [0, 5, 6, 0], [0, 7, 6, 0], [0, 7, 6, 0], [0, 7, 6, 0], [0, 7, 6, 0], [0, 11, 6, 0], swipeRight
[0, 12, 7, 13], [0, 0, 5, 15], [13, 0, 8, 0], [15, 0, 6, 0], swipeRight
[0, 8, 5, 8], [10, 0, 6, 0], swipeRight
[0, 5, 4, 12], [0, 0, 7, 14], [0, 0, 4, 11], [0, 0, 5, 11], [14, 0, 8, 12], [14, 0, 5, 13], [12, 0, 5, 0], [12, 12, 9, 0], swipeRight
[0, 14, 4, 6], [0, 0, 5, 0], [5, 0, 6, 0], swipeRight
[0, 6, 4, 7], [0, 0, 4, 8], [0, 0, 4, 8], [0, 0, 5, 11], [11, 0, 6, 0], swipeRight
[0, 13, 4, 6], [0, 0, 5, 0], [6, 0, 6, 0], swipeRight
[0, 4, 8, 15], [17, 0, 8, 0], [15, 16, 9, 0], swipeRight
[0, 16, 4, 6], [0, 0, 4, 6], [0, 0, 4, 7], [0, 0, 1, 5], [0, 0, 4, 6], [0, 0, 5, 0], [3, 0, 6, 0], [0, 4, 6, 0], [0, 6, 6, 0], [0, 7, 6, 0], swipeRight
[0, 9, 8, 18], [22, 0, 8, 18], [24, 0, 5, 0], [19, 0, 8, 0], [24, 15, 9, 0], swipeRight
[0, 15, 4, 9], [0, 0, 5, 0], swipeRight
[8, 8, 4, 8], [0, 0, 4, 8], [0, 0, 4, 7], [0, 0, 4, 8], [0, 0, 5, 9], [8, 0, 6, 0], [0, 11, 9, 0], swipeRight
[0, 14, 67, 7], [14, 0, 0, 7], [15, 0, 0, 5], [0, 19, 0, 10], [20, 13, 17, 9], [0, 0, 17, 6], swipeRight
[0, 0, 18, 4], [8, 0, 0, 5], [11, 8, 0, 6], [0, 0, 7, 6], swipeRight
[0, 0, 7, 4], [8, 0, 0, 4], [9, 0, 0, 4], [8, 0, 0, 6], [0, 0, 8, 6], [0, 0, 8, 6], [0, 0, 9, 6], swipeRight
[0, 0, 9, 4], [10, 0, 0, 4], [10, 0, 0, 5], [11, 11, 0, 5], swipeRight
[0, 12, 10, 5], [0, 28, 0, 8], [24, 26, 0, 8], [26, 27, 0, 8], [23, 27, 0, 5], [23, 20, 0, 8], [0, 21, 20, 9], [0, 0, 20, 9], swipeRight
[0, 0, 21, 7], [19, 0, 0, 7], [21, 0, 0, 5], [19, 20, 0, 8], [0, 20, 20, 6], [0, 0, 24, 6], swipeRight
[0, 0, 23, 7], [17, 0, 0, 5], [17, 21, 0, 5], [0, 16, 16, 9], [0, 0, 15, 9], swipeRight
[0, 0, 22, 4], [12, 0, 0, 5], [11, 11, 0, 6], [0, 0, 9, 6], swipeRight
[0, 0, 11, 5], [0, 10, 0, 6], swipeRight
[0, 0, 8, 8], [0, 19, 0, 6], swipeRight
[0, 0, 21, 5], [19, 20, 0, 7], [18, 0, 0, 7], [19, 0, 0, 5], [0, 18, 0, 8], [17, 24, 0, 5], [0, 15, 19, 8], [0, 18, 16, 8], [0, 19, 15, 6], [0, 0, 20, 6], [0, 0, 17, 6], [0, 0, 19, 9], swipeRight
[0, 0, 21, 8], [17, 20, 0, 8], [19, 20, 0, 7], [19, 0, 0, 5], [20, 19, 0, 8], [0, 20, 0, 6], [0, 0, 18, 9], swipeRight
[0, 0, 21, 8], [0, 22, 0, 8], [18, 20, 0, 8], [18, 19, 0, 7], [17, 0, 0, 5], [0, 16, 0, 8], [0, 17, 0, 8], swipeRight
[0, 18, 14, 5], [18, 21, 0, 8], [15, 19, 0, 5], [0, 14, 0, 8], swipeRight
[0, 15, 13, 5], [14, 19, 0, 5], [12, 13, 0, 5], [11, 10, 0, 5], [0, 9, 10, 6], [0, 0, 11, 9], [0, 0, 23, 6], [0, 0, 11, 6], [0, 0, 11, 9], swipeRight
[0, 0, 13, 5], [0, 27, 0, 5], [22, 21, 0, 8], swipeRight
[0, 21, 21, 5], [12, 12, 0, 6], [0, 0, 8, 6], swipeRight
[0, 0, 11, 4], [12, 0, 0, 4], [11, 0, 0, 4], [11, 0, 0, 5], [11, 11, 0, 6], [0, 0, 12, 6], [0, 0, 11, 6], swipeRight
[0, 0, 13, 67], [7, 16, 0, 0], [5, 17, 22, 0], [7, 17, 0, 0], [7, 22, 0, 0], [5, 26, 21, 0], [8, 20, 25, 0], [10, 20, 19, 22], [8, 0, 21, 18], swipeRight
[4, 11, 0, 0], [4, 11, 0, 0], [4, 12, 0, 0], [7, 13, 0, 0], [5, 13, 15, 0], [5, 13, 10, 0], [6, 0, 0, 9], swipeRight
[5, 0, 28, 0], [8, 0, 29, 0], [6, 0, 0, 29], [9, 0, 0, 29], swipeRight
[7, 17, 0, 0], [7, 20, 0, 0], [7, 18, 0, 0], [5, 19, 22, 0], [8, 0, 24, 0], [4, 22, 0, 0], [5, 0, 23, 22], swipeRight
[8, 23, 24, 0], [5, 0, 20, 0], [4, 22, 0, 0], [6, 0, 0, 21], swipeRight
[4, 13, 0, 0], [4, 10, 0, 0], [5, 13, 10, 0], [6, 0, 0, 9], swipeRight
[67, 7, 13, 0], [0, 7, 13, 0], [0, 7, 13, 0], [0, 7, 14, 0], [0, 5, 15, 19], [0, 8, 18, 18], [0, 10, 23, 19], swipeRight
[21, 5, 11, 13], swipeRight
[0, 7, 15, 0], [0, 7, 14, 0], [0, 7, 13, 0], [0, 7, 13, 0], [0, 5, 11, 13], [0, 5, 0, 10], [8, 6, 0, 0], swipeRight
[6, 5, 0, 6], [0, 6, 0, 0], swipeRight
[5, 5, 17, 22], [0, 8, 24, 24], [0, 8, 0, 23], [0, 4, 24, 0], [0, 5, 23, 23], [0, 8, 24, 22], [0, 8, 0, 25], swipeRight
[21, 7, 13, 0], [0, 4, 11, 0], [0, 4, 10, 0], [0, 5, 13, 9], [11, 6, 0, 0], swipeRight
[11, 4, 11, 0], [0, 5, 9, 10], [0, 6, 0, 0], swipeRight
[8, 8, 0, 25], [0, 8, 0, 27], [0, 5, 20, 22], [0, 8, 0, 24], [18, 9, 0, 0], swipeRight
[19, 4, 12, 0], [0, 4, 12, 0], [0, 4, 11, 0], [0, 4, 10, 0], [0, 4, 9, 0], [0, 4, 10, 0], [0, 5, 11, 11], [0, 5, 0, 11], [7, 6, 0, 0], [8, 6, 0, 0], [10, 6, 0, 0], [11, 9, 0, 0], swipeRight
[14, 7, 16, 0], [0, 7, 19, 0], [0, 4, 19, 0], [0, 5, 18, 21], [0, 8, 0, 21], [0, 6, 0, 0], [22, 6, 0, 0], swipeRight
[23, 5, 8, 8], [0, 6, 0, 0], [6, 6, 0, 0], swipeRight
[7, 7, 20, 0], [0, 7, 19, 0], [0, 7, 18, 0], [0, 5, 0, 19], [0, 5, 0, 16], [21, 9, 0, 0], swipeRight
[19, 4, 10, 0], [0, 4, 9, 0], [0, 4, 9, 0], [0, 5, 10, 12], [0, 6, 0, 0], [8, 6, 0, 0], swipeRight
