[9, 0, 0, 13], [9, 0, 0, 17], [9, 0, 0, 17], [5, 0, 21, 0], [8, 0, 19, 19], [8, 0, 18, 17], [5, 0, 10, 0], [5, 0, 7, 0], [5, 0, 9, 0], [6, 0, 0, 7], [6, 0, 0, 7], [6, 0, 0, 8], [6, 0, 0, 7], triangle
[5, 0, 9, 0], [6, 0, 0, 9], [6, 0, 0, 10], [9, 0, 0, 15], [5, 0, 18, 15], [9, 0, 0, 21], [5, 0, 23, 0], [5, 0, 20, 0], [8, 0, 22, 0], [5, 0, 16, 0], [5, 0, 11, 0], [5, 0, 9, 0], [5, 0, 12, 0], [5, 0, 11, 0], triangle
[7, 15, 0, 0], [5, 18, 17, 0], [8, 0, 19, 24], [8, 0, 19, 0], [8, 0, 19, 18], [6, 0, 0, 12], [6, 0, 0, 7], [6, 0, 0, 6], [6, 0, 0, 6], [5, 0, 7, 0], [4, 7, 0, 0], [4, 7, 0, 0], [4, 8, 0, 0], [4, 10, 0, 0], triangle
[5, 0, 12, 0], [8, 15, 15, 0], [8, 24, 22, 0], [5, 0, 18, 0], [8, 0, 19, 0], [8, 0, 18, 19], [5, 0, 14, 13], [6, 0, 0, 9], [6, 0, 0, 6], [6, 0, 0, 6], [6, 0, 0, 6], [5, 0, 8, 0], [4, 9, 0, 0], [4, 6, 0, 0], triangle
[6, 0, 0, 6], [6, 0, 0, 7], [5, 0, 17, 0], [8, 0, 17, 23], [8, 0, 20, 21], [8, 0, 19, 0], [5, 0, 14, 0], [5, 0, 9, 0], [5, 0, 6, 0], [6, 0, 0, 6], [6, 0, 0, 6], [6, 0, 0, 7], [6, 0, 0, 8], [6, 0, 0, 9], triangle
[6, 0, 0, 6], [6, 0, 0, 10], [5, 0, 16, 0], [8, 0, 18, 22], [8, 0, 19, 24], [8, 0, 18, 20], [8, 0, 17, 0], [5, 0, 12, 0], [4, 11, 0, 0], [4, 7, 0, 0], [4, 6, 0, 0], [4, 7, 0, 0], [5, 0, 5, 0], [6, 0, 0, 6], [6, 0, 0, 6], [6, 0, 0, 6], [6, 0, 0, 6], [6, 0, 0, 7], triangle
[67, 5, 0, 10], [0, 10, 16, 14], [21, 8, 0, 16], [0, 8, 22, 17], [0, 10, 24, 17], [18, 9, 0, 0], [17, 6, 0, 0], [13, 6, 0, 0], [6, 6, 0, 0], [6, 6, 0, 0], [6, 5, 0, 5], [0, 4, 11, 0], triangle
[0, 6, 0, 0], [13, 5, 0, 13], [18, 8, 0, 17], [19, 8, 19, 16], [0, 8, 21, 15], [0, 5, 0, 12], [0, 5, 0, 9], [0, 5, 0, 7], [0, 5, 0, 7], [0, 6, 0, 0], [7, 6, 0, 0], triangle
[6, 8, 0, 18], [16, 9, 0, 0], [18, 9, 0, 0], [16, 6, 0, 0], [12, 6, 0, 0], [12, 6, 0, 0], [11, 9, 0, 0], [15, 6, 0, 0], [5, 5, 0, 5], [0, 2, 0, 5], [0, 5, 0, 6], [0, 5, 0, 6], [0, 5, 0, 8], triangle
[0, 3, 0, 0], [5, 3, 0, 0], [5, 6, 0, 0], [12, 5, 0, 13], [14, 8, 0, 18], [18, 8, 0, 18], [0, 8, 0, 19], [0, 8, 26, 21], [0, 5, 26, 18], [0, 8, 18, 16], [0, 4, 12, 0], [0, 4, 6, 0], [0, 4, 7, 0], [0, 5, 0, 6], [0, 5, 0, 6], [0, 6, 0, 0], [6, 3, 0, 0], [5, 6, 0, 0], [6, 6, 0, 0], triangle
[8, 5, 0, 15], [0, 5, 22, 17], [21, 5, 0, 16], [19, 6, 0, 0], [7, 6, 0, 0], [8, 3, 0, 0], [5, 5, 0, 5], [0, 4, 9, 0], [0, 4, 13, 0], [0, 5, 0, 11], [0, 5, 0, 12], [0, 8, 0, 16], [20, 8, 0, 20], [0, 5, 0, 16], [21, 8, 0, 19], triangle
[0, 6, 0, 0], [20, 5, 0, 23], [20, 8, 0, 24], [20, 5, 0, 21], [0, 8, 0, 19], [0, 5, 17, 15], [0, 4, 14, 0], [0, 7, 14, 0], [0, 4, 9, 0], [0, 5, 0, 5], [0, 6, 0, 0], [6, 6, 0, 0], [6, 6, 0, 0], [10, 6, 0, 0], [8, 6, 0, 0], [12, 5, 0, 13], [0, 8, 0, 16], [0, 5, 0, 16], [0, 8, 0, 17], [0, 8, 0, 16], triangle
[0, 67, 5, 0], [9, 0, 8, 13], [13, 0, 8, 21], [17, 0, 10, 23], [20, 29, 8, 26], [18, 0, 10, 24], [18, 18, 10, 21], [19, 13, 6, 0], [0, 10, 6, 0], [0, 6, 6, 0], [0, 7, 6, 0], [0, 6, 5, 0], [8, 0, 4, 7], [0, 0, 4, 7], [0, 0, 4, 8], triangle
[0, 0, 67, 7], [15, 0, 0, 5], [14, 17, 0, 8], [21, 22, 0, 10], [26, 23, 26, 10], [29, 24, 23, 10], [26, 18, 19, 8], [0, 16, 0, 6], [0, 0, 9, 6], [0, 0, 6, 6], [0, 0, 8, 5], [0, 10, 0, 2], [0, 5, 0, 4], [8, 0, 0, 4], triangle
[12, 0, 0, 5], [0, 10, 0, 5], [0, 10, 0, 6], [0, 0, 8, 6], [0, 0, 7, 6], [0, 0, 10, 6], [0, 0, 10, 9], [0, 0, 13, 9], [0, 0, 16, 5], [0, 26, 24, 9], [0, 0, 24, 9], [0, 0, 26, 5], [0, 23, 25, 8], [0, 21, 15, 5], triangle
[0, 9, 0, 6], [0, 0, 9, 6], [0, 0, 7, 5], [0, 8, 0, 5], [0, 7, 0, 5], [0, 8, 0, 5], [0, 11, 0, 8], [0, 13, 0, 8], [0, 17, 23, 8], [0, 19, 23, 8], [0, 20, 20, 8], [0, 20, 20, 8], [0, 29, 18, 9], [0, 0, 16, 6], [0, 0, 9, 6], [0, 0, 8, 6], triangle
[0, 0, 11, 67], [5, 0, 10, 0], [5, 0, 6, 0], [4, 8, 0, 0], [4, 8, 0, 0], [5, 0, 14, 0], [5, 12, 12, 0], [8, 18, 18, 0], [10, 20, 17, 21], [8, 24, 20, 0], [8, 27, 20, 0], [10, 27, 19, 21], [8, 21, 17, 0], [5, 0, 12, 0], [5, 0, 11, 0], triangle
[67, 6, 0, 0], [5, 5, 0, 5], [0, 4, 10, 0], [0, 5, 11, 13], [0, 8, 0, 13], [0, 10, 20, 17], [21, 8, 0, 18], [0, 8, 0, 17], [0, 8, 0, 18], [0, 9, 0, 0], [15, 6, 0, 0], [8, 6, 0, 0], [7, 6, 0, 0], [8, 6, 0, 0], triangle
[11, 5, 0, 22], [21, 8, 0, 20], [0, 8, 0, 20], [0, 5, 0, 13], [0, 4, 14, 0], [0, 7, 15, 0], [0, 5, 12, 12], [0, 5, 0, 9], [0, 6, 0, 0], [6, 6, 0, 0], [8, 9, 0, 0], [13, 6, 0, 0], [11, 6, 0, 0], [20, 5, 0, 19], [0, 8, 0, 22], [0, 8, 0, 21], triangle
[4, 7, 0, 0], [4, 11, 0, 0], [5, 16, 18, 0], [8, 25, 25, 0], [8, 0, 26, 0], [8, 28, 25, 0], [8, 28, 27, 0], [5, 0, 23, 0], [8, 0, 21, 19], [6, 0, 0, 10], [6, 0, 0, 7], [6, 0, 0, 7], [6, 0, 0, 8], [6, 0, 0, 8], triangle
[6, 0, 0, 7], [6, 0, 0, 10], [5, 0, 16, 13], [8, 0, 19, 0], [8, 0, 27, 0], [5, 0, 21, 0], [5, 0, 16, 0], [4, 9, 0, 0], [1, 5, 0, 0], [4, 6, 0, 0], [1, 5, 0, 0], [6, 0, 0, 5], [6, 0, 0, 6], triangle
[8, 0, 13, 0], [8, 0, 17, 0], [8, 0, 19, 0], [8, 0, 21, 0], [8, 0, 21, 0], [8, 0, 22, 16], [6, 0, 0, 13], [6, 0, 0, 9], [6, 0, 0, 6], [6, 0, 0, 6], [5, 0, 6, 0], triangle
[8, 0, 16, 0], [8, 0, 21, 0], [6, 0, 0, 26], [5, 0, 21, 25], [8, 0, 19, 16], [6, 0, 0, 8], [3, 0, 0, 5], [6, 0, 0, 7], [5, 0, 7, 0], triangle
[67, 5, 0, 11], [0, 10, 17, 16], [20, 8, 0, 20], [22, 8, 30, 24], [0, 8, 0, 23], [0, 8, 0, 21], [22, 6, 0, 0], [14, 6, 0, 0], [10, 6, 0, 0], [7, 3, 0, 0], [5, 3, 0, 0], [5, 6, 0, 0], [6, 5, 0, 7], [0, 5, 0, 8], triangle
[0, 5, 0, 8], [0, 5, 0, 12], [0, 8, 18, 14], [0, 8, 21, 20], [0, 8, 0, 21], [28, 8, 0, 21], [21, 5, 0, 18], [17, 6, 0, 0], [13, 6, 0, 0], [8, 6, 0, 0], [7, 6, 0, 0], [6, 5, 0, 8], [0, 2, 0, 4], [0, 4, 10, 0], [0, 5, 0, 11], [0, 8, 0, 16], triangle
[0, 8, 0, 13], [0, 8, 0, 17], [0, 8, 0, 20], [0, 8, 0, 22], [0, 5, 0, 18], [20, 6, 0, 0], [14, 6, 0, 0], [10, 6, 0, 0], [6, 6, 0, 0], [6, 6, 0, 0], [7, 5, 0, 6], [0, 4, 10, 0], triangle
[0, 3, 0, 0], [5, 9, 0, 0], [13, 6, 0, 0], [8, 9, 0, 0], [13, 5, 0, 21], [0, 8, 0, 19], [0, 8, 0, 21], [0, 8, 0, 24], [21, 5, 0, 18], [0, 5, 18, 13], [0, 5, 0, 11], [0, 5, 14, 9], [0, 5, 0, 7], [0, 6, 0, 0], [9, 6, 0, 0], [7, 6, 0, 0], triangle
[11, 6, 0, 0], [8, 6, 0, 0], [14, 9, 0, 0], [16, 5, 0, 20], [19, 8, 0, 25], [24, 8, 0, 25], [0, 5, 0, 26], [0, 8, 29, 24], [0, 5, 0, 19], [0, 5, 0, 10], triangle
[0, 5, 9, 13], [0, 4, 11, 0], [0, 5, 21, 21], [0, 8, 26, 24], [0, 8, 0, 25], [30, 8, 0, 26], [28, 8, 0, 27], [25, 6, 0, 0], [13, 6, 0, 0], [8, 6, 0, 0], [7, 6, 0, 0], [9, 6, 0, 0], [9, 5, 0, 8], [0, 5, 0, 8], [0, 8, 0, 13], [0, 4, 10, 0], triangle
[0, 67, 5, 0], [12, 0, 8, 0], [18, 0, 10, 25], [23, 26, 8, 0], [23, 0, 8, 0], [24, 28, 10, 26], [21, 24, 5, 0], [18, 16, 6, 0], [0, 11, 6, 0], [0, 6, 3, 0], [0, 5, 3, 0], [0, 5, 5, 0], [6, 0, 4, 7], [0, 0, 4, 7], triangle
[0, 0, 5, 11], [12, 0, 5, 0], [9, 0, 6, 0], [0, 7, 6, 0], [0, 8, 6, 0], [0, 12, 5, 0], [20, 18, 8, 0], [21, 26, 9, 0], [0, 27, 5, 0], [29, 0, 6, 0], [0, 29, 5, 0], [28, 0, 5, 0], [24, 0, 5, 21], [17, 0, 4, 11], [0, 0, 4, 10], triangle
[0, 0, 5, 0], [11, 0, 5, 0], [10, 8, 6, 0], [0, 7, 6, 0], [0, 10, 6, 0], [0, 20, 5, 0], [25, 28, 8, 0], [27, 0, 8, 0], [29, 0, 6, 0], [0, 29, 5, 0], [29, 24, 5, 0], [21, 0, 5, 23], [18, 0, 5, 0], [13, 0, 4, 10], triangle
[0, 0, 5, 0], [9, 0, 8, 15], [14, 0, 8, 17], [22, 0, 8, 0], [22, 0, 8, 29], [26, 0, 8, 29], [25, 27, 5, 0], [21, 20, 6, 0], [0, 11, 6, 0], [0, 8, 6, 0], [0, 9, 9, 0], [0, 15, 5, 0], [11, 0, 5, 0], [8, 0, 4, 10], [0, 0, 4, 8], [0, 0, 4, 11], triangle
[0, 0, 8, 16], [16, 0, 8, 23], [24, 0, 5, 0], [28, 0, 8, 0], [29, 0, 8, 0], [28, 0, 5, 28], [21, 0, 5, 0], [17, 13, 6, 0], [0, 9, 6, 0], [0, 6, 6, 0], [0, 7, 5, 0], [8, 0, 4, 8], triangle
[0, 0, 8, 0], [13, 0, 8, 21], [22, 0, 8, 0], [24, 25, 8, 0], [26, 0, 4, 29], [0, 0, 5, 0], [23, 23, 5, 0], [18, 0, 6, 0], [0, 10, 6, 0], [0, 8, 6, 0], [0, 8, 4, 10], [0, 0, 4, 6], [0, 0, 4, 8], [0, 0, 4, 8], triangle
[0, 0, 67, 5], [0, 11, 0, 8], [0, 13, 0, 5], [0, 26, 28, 8], [27, 24, 0, 8], [0, 29, 0, 10], [26, 20, 22, 8], [0, 20, 15, 6], [0, 0, 9, 6], [0, 0, 12, 6], [0, 0, 8, 5], [0, 9, 0, 5], [0, 10, 0, 5], [0, 12, 0, 5], triangle
[0, 10, 0, 6], [0, 0, 14, 5], [0, 16, 23, 8], [0, 15, 14, 8], [0, 14, 0, 8], [13, 14, 0, 5], [0, 11, 0, 5], [0, 9, 0, 5], [0, 7, 0, 5], [0, 7, 0, 6], [0, 0, 9, 6], [0, 0, 11, 9], [0, 0, 14, 9], [0, 0, 15, 9], [0, 0, 17, 9], [0, 0, 19, 9], [0, 0, 20, 5], triangle
[0, 24, 0, 5], [0, 10, 0, 6], [0, 0, 8, 5], [0, 17, 0, 8], [0, 22, 0, 8], [27, 23, 0, 8], [0, 27, 0, 8], [29, 26, 28, 5], [29, 23, 0, 4], triangle
[21, 0, 0, 4], [11, 0, 0, 4], [12, 0, 0, 5], [0, 11, 0, 6], [0, 0, 10, 6], [0, 0, 13, 5], [0, 17, 0, 8], [0, 24, 23, 9], [0, 0, 29, 5], [0, 28, 27, 5], [29, 27, 25, 5], [0, 24, 0, 5], [0, 15, 0, 5], [0, 11, 0, 4], [13, 0, 0, 5], triangle
[0, 11, 0, 5], [0, 14, 0, 4], [13, 0, 0, 4], [7, 0, 0, 5], [0, 7, 0, 6], [0, 0, 6, 6], [0, 0, 8, 6], [0, 0, 8, 6], [0, 0, 12, 9], [0, 0, 20, 5], [0, 21, 0, 8], [22, 20, 0, 8], [22, 20, 0, 8], triangle
[23, 23, 0, 6], [0, 0, 8, 6], [0, 0, 8, 6], [0, 0, 10, 9], [0, 0, 15, 9], [0, 0, 21, 9], [0, 0, 24, 5], [0, 29, 0, 5], [0, 24, 0, 5], [27, 21, 0, 5], triangle
[0, 16, 0, 5], [0, 9, 0, 5], [0, 8, 10, 6], [0, 0, 10, 3], [0, 0, 5, 6], [0, 0, 11, 6], [0, 0, 12, 9], [0, 0, 19, 9], [0, 0, 22, 5], [0, 27, 24, 8], [0, 30, 29, 5], [0, 25, 0, 5], [0, 18, 0, 5], [0, 13, 0, 5], [0, 10, 0, 5], [0, 10, 0, 5], triangle
[0, 10, 0, 5], [0, 12, 0, 6], [0, 0, 10, 5], [29, 28, 0, 4], [24, 0, 0, 4], [20, 0, 0, 4], [12, 0, 0, 4], triangle
[11, 0, 0, 6], [0, 0, 9, 5], [0, 19, 0, 5], [0, 19, 0, 5], [19, 16, 0, 4], triangle
[13, 0, 0, 4], [8, 0, 0, 5], [9, 11, 0, 8], [14, 16, 0, 8], [17, 20, 0, 8], [24, 24, 0, 8], [22, 22, 0, 8], [0, 21, 21, 6], [0, 0, 11, 6], [0, 0, 9, 6], [0, 0, 10, 4], [9, 0, 0, 4], triangle
[9, 0, 0, 6], [0, 0, 9, 9], [0, 0, 19, 5], [0, 24, 24, 4], [26, 0, 0, 4], [20, 0, 0, 7], [21, 0, 0, 7], [19, 0, 0, 4], [16, 0, 0, 5], [0, 9, 0, 6], [0, 0, 4, 6], triangle
[0, 0, 6, 6], [0, 0, 12, 9], [0, 0, 18, 5], [0, 21, 26, 8], [0, 25, 0, 8], [0, 27, 29, 5], [27, 23, 0, 5], [0, 19, 0, 8], [18, 18, 0, 4], [11, 0, 0, 5], [0, 8, 0, 6], [0, 0, 6, 6], [0, 0, 7, 6], [0, 0, 7, 6], [0, 0, 9, 6], triangle
[0, 0, 8, 5], [14, 13, 0, 6], [0, 0, 11, 6], [0, 0, 9, 6], [0, 0, 8, 6], [0, 0, 10, 9], [0, 0, 16, 9], [0, 0, 21, 5], [0, 27, 29, 4], [29, 0, 0, 5], [15, 13, 0, 7], [13, 0, 0, 4], triangle
[14, 0, 0, 6], [0, 0, 10, 6], [0, 0, 7, 6], [0, 0, 6, 6], [0, 0, 8, 6], [0, 0, 12, 5], [0, 19, 14, 8], [0, 24, 17, 5], [0, 21, 0, 8], [0, 21, 24, 8], [0, 20, 0, 5], triangle
[0, 15, 0, 5], [0, 13, 0, 4], [15, 0, 0, 5], [0, 16, 0, 8], [0, 19, 0, 5], [0, 15, 0, 8], [0, 18, 0, 8], [0, 18, 21, 8], [0, 19, 20, 8], [0, 19, 0, 5], [0, 16, 0, 6], [0, 0, 14, 6], [0, 0, 10, 6], [0, 0, 8, 3], [0, 0, 5, 6], [0, 0, 6, 6], [0, 0, 5, 3], [0, 0, 5, 6], triangle
[0, 0, 6, 3], [0, 0, 5, 5], [0, 5, 0, 4], [8, 0, 0, 4], [6, 0, 0, 1], [5, 0, 0, 5], [0, 8, 0, 5], [0, 8, 0, 5], [0, 10, 15, 9], [0, 0, 16, 9], [0, 0, 18, 6], [0, 0, 13, 6], [0, 0, 10, 6], [0, 0, 9, 6], [0, 0, 8, 3], [0, 0, 5, 3], [0, 0, 3, 6], [0, 0, 4, 3], [0, 0, 5, 3], [0, 0, 5, 6], [0, 0, 6, 3], [0, 0, 5, 3], triangle
, triangle
[0, 0, 4, 3], triangle
[0, 0, 5, 3], [0, 0, 5, 3], [0, 0, 4, 3], [0, 0, 5, 6], [0, 0, 6, 3], [0, 0, 5, 3], [0, 0, 5, 6], [0, 0, 7, 6], [0, 0, 6, 3], [0, 0, 5, 3], [0, 0, 5, 3], [0, 0, 4, 5], [0, 5, 0, 5], [0, 7, 0, 4], [6, 0, 0, 4], [6, 0, 0, 4], [6, 0, 0, 4], [12, 0, 0, 5], [0, 9, 0, 5], [0, 11, 0, 5], [0, 8, 0, 8], [0, 14, 12, 8], [0, 13, 12, 8], [0, 13, 11, 5], triangle
[0, 12, 13, 6], triangle
[0, 0, 8, 6], [0, 0, 7, 3], [0, 0, 5, 3], [0, 0, 5, 3], [0, 0, 5, 3], [0, 0, 5, 6], [0, 0, 6, 6], [0, 0, 9, 3], triangle
[0, 0, 4, 6], [0, 0, 6, 3], [0, 0, 5, 9], [0, 0, 13, 9], [0, 0, 14, 9], [0, 0, 19, 5], [0, 24, 22, 8], [0, 22, 23, 8], [0, 20, 21, 8], [0, 18, 0, 4], [19, 0, 0, 4], triangle
[5, 0, 0, 6], [0, 0, 8, 6], [0, 0, 7, 9], [0, 0, 13, 5], [0, 15, 15, 8], [0, 23, 23, 5], [0, 20, 0, 8], [0, 24, 0, 5], [23, 24, 0, 7], [21, 0, 0, 7], [19, 0, 0, 4], [15, 0, 0, 4], triangle
[9, 0, 0, 5], [0, 9, 0, 5], [0, 8, 0, 5], [0, 11, 0, 8], [0, 17, 0, 8], [0, 16, 0, 8], [0, 24, 0, 6], [0, 0, 25, 5], [0, 24, 23, 4], triangle
[27, 0, 0, 5], [0, 16, 18, 8], [0, 15, 0, 8], [0, 13, 0, 4], [13, 0, 0, 4], [8, 0, 0, 4], [6, 0, 0, 6], [0, 0, 12, 5], [0, 15, 0, 8], [0, 17, 0, 8], [0, 18, 0, 8], [27, 20, 0, 8], triangle
[0, 24, 0, 5], [0, 9, 0, 6], [0, 0, 9, 6], [0, 0, 11, 9], [0, 0, 16, 5], [0, 20, 0, 8], [0, 28, 0, 5], [27, 25, 0, 8], [0, 26, 0, 8], [0, 26, 0, 5], [0, 20, 0, 4], triangle
[18, 0, 0, 5], [14, 11, 0, 8], [0, 16, 19, 8], [0, 23, 22, 8], [0, 25, 0, 6], [0, 0, 19, 6], [0, 0, 11, 6], [0, 0, 13, 5], [0, 13, 0, 5], [0, 12, 0, 5], triangle
[12, 13, 0, 6], [0, 0, 8, 6], [0, 0, 11, 9], [0, 0, 19, 9], [0, 0, 23, 9], [0, 0, 25, 5], [0, 29, 25, 5], [0, 24, 0, 5], [0, 20, 0, 5], [17, 12, 0, 4], triangle
[13, 0, 0, 6], [0, 0, 7, 6], [0, 0, 10, 5], [0, 11, 0, 8], [0, 16, 21, 8], [0, 22, 28, 8], [0, 25, 0, 6], [0, 0, 29, 5], [0, 29, 0, 5], [0, 24, 25, 8], [23, 22, 0, 5], [17, 14, 0, 5], triangle
[14, 10, 0, 4], [10, 0, 0, 4], [12, 0, 0, 5], [0, 9, 0, 6], [0, 0, 5, 6], [0, 0, 8, 6], [0, 0, 10, 6], [0, 0, 8, 9], [0, 0, 16, 5], [0, 20, 18, 8], [0, 21, 28, 8], [0, 23, 27, 5], [0, 22, 0, 5], triangle
[0, 16, 0, 67], [5, 10, 11, 0], [8, 15, 15, 0], [10, 22, 20, 23], [8, 0, 21, 27], [8, 25, 21, 0], [8, 0, 20, 18], [5, 0, 9, 0], triangle
[9, 0, 0, 18], [5, 0, 20, 20], [8, 0, 23, 27], [8, 0, 23, 24], [8, 0, 21, 0], [5, 21, 13, 0], [4, 13, 0, 0], [4, 10, 0, 0], [5, 0, 8, 0], [6, 0, 0, 6], triangle
[9, 0, 0, 13], [5, 0, 16, 15], [8, 0, 18, 19], [8, 0, 20, 21], [9, 0, 0, 29], [5, 27, 20, 0], [8, 23, 18, 0], [8, 13, 19, 0], [4, 11, 0, 0], [6, 0, 0, 7], triangle
[5, 0, 29, 24], [5, 0, 24, 0], [5, 0, 20, 0], [5, 0, 15, 0], [5, 0, 11, 0], [4, 13, 0, 0], [5, 0, 9, 0], [6, 0, 0, 7], [6, 0, 0, 7], [6, 0, 0, 11], [5, 0, 15, 0], [8, 0, 18, 0], [8, 0, 18, 0], [8, 0, 19, 0], [8, 0, 20, 0], [8, 0, 19, 0], triangle
[5, 11, 11, 0], [5, 0, 11, 0], [6, 0, 0, 8], [6, 0, 0, 8], [6, 0, 0, 10], [5, 0, 19, 15], [8, 0, 19, 18], [5, 0, 27, 26], [5, 0, 24, 24], [5, 23, 19, 0], [5, 0, 14, 0], [5, 0, 10, 0], [5, 0, 7, 0], [5, 0, 8, 0], [5, 0, 10, 0], triangle
[67, 6, 0, 0], [7, 5, 0, 7], [0, 8, 0, 13], [0, 4, 8, 0], [0, 4, 11, 0], [0, 7, 13, 0], [0, 10, 20, 17], [21, 8, 25, 20], [0, 8, 24, 22], [0, 8, 0, 24], [0, 5, 0, 21], [25, 5, 0, 18], [17, 6, 0, 0], triangle
[8, 5, 0, 21], [22, 5, 0, 18], [0, 8, 0, 18], [0, 5, 0, 9], [0, 6, 0, 0], [13, 5, 0, 20], [20, 8, 0, 24], [0, 8, 0, 24], [23, 8, 0, 24], [21, 8, 0, 24], [27, 5, 27, 21], triangle
[0, 5, 0, 23], [17, 6, 0, 0], [11, 6, 0, 0], [12, 6, 0, 0], [8, 5, 0, 8], [0, 4, 12, 0], [0, 1, 5, 0], [0, 4, 8, 0], [0, 4, 10, 0], [0, 5, 17, 14], [0, 5, 0, 21], [24, 8, 0, 22], [25, 8, 0, 23], [23, 5, 0, 20], triangle
[0, 5, 0, 20], [18, 5, 19, 18], [0, 4, 15, 0], [0, 4, 11, 0], [0, 1, 5, 0], [0, 6, 0, 0], [7, 6, 0, 0], [6, 5, 0, 15], [15, 8, 0, 16], [16, 8, 21, 16], [0, 8, 22, 19], [0, 8, 22, 19], [0, 8, 20, 20], [0, 8, 0, 18], triangle
[0, 67, 6, 0], [0, 8, 6, 0], [0, 6, 6, 0], [0, 8, 9, 0], [0, 20, 5, 0], [17, 21, 9, 0], [0, 23, 5, 0], [26, 0, 5, 0], [22, 0, 10, 24], [27, 21, 5, 0], [18, 0, 5, 0], [11, 0, 5, 0], [7, 0, 5, 0], triangle
[11, 0, 67, 5], [0, 7, 0, 5], [10, 8, 0, 8], [0, 13, 0, 8], [0, 15, 0, 8], [0, 24, 0, 5], [22, 21, 0, 8], [24, 23, 0, 10], [25, 21, 20, 8], [0, 21, 25, 5], [0, 16, 0, 6], [0, 0, 11, 6], [0, 0, 8, 5], [0, 10, 0, 8], [9, 15, 0, 4], [7, 0, 0, 4], [11, 0, 0, 4], triangle
[8, 0, 0, 5], [9, 7, 0, 5], [0, 16, 20, 8], [0, 19, 0, 8], [0, 24, 0, 8], [27, 23, 0, 8], [26, 23, 25, 8], [23, 23, 0, 5], [18, 14, 0, 5], triangle
[0, 10, 0, 5], [0, 9, 0, 8], [16, 15, 0, 5], [0, 21, 19, 5], [0, 17, 17, 5], [0, 14, 13, 5], [0, 11, 9, 6], [0, 0, 7, 5], triangle
[0, 6, 0, 6], [0, 0, 11, 5], [0, 13, 15, 8], [0, 19, 0, 8], [0, 22, 0, 5], [0, 19, 18, 5], [0, 13, 0, 5], [0, 11, 0, 5], triangle
[0, 6, 0, 67], [5, 0, 12, 0], [8, 0, 15, 0], [8, 0, 25, 0], [10, 26, 20, 21], [8, 0, 22, 27], [8, 0, 23, 25], [4, 26, 0, 0], [5, 0, 20, 0], [8, 22, 18, 0], [8, 0, 16, 0], [4, 13, 0, 0], triangle
[67, 5, 0, 6], [0, 5, 0, 11], [0, 8, 0, 21], [0, 10, 23, 20], [26, 8, 0, 26], [0, 8, 0, 27], [0, 5, 0, 24], [22, 8, 0, 24], [0, 6, 0, 0], [14, 6, 0, 0], [11, 3, 0, 0], [5, 6, 0, 0], [6, 5, 0, 7], [0, 4, 6, 0], [0, 1, 5, 0], [0, 4, 7, 0], triangle
[0, 6, 0, 0], [16, 9, 0, 0], [19, 5, 0, 29], [21, 5, 0, 24], [26, 8, 0, 26], [29, 5, 0, 20], [0, 5, 0, 16], triangle
[0, 67, 5, 0], [9, 0, 8, 0], [14, 0, 8, 20], [17, 0, 10, 24], [21, 24, 8, 0], [22, 24, 8, 0], [29, 22, 5, 0], [22, 21, 8, 0], [22, 17, 9, 0], [0, 15, 6, 0], [0, 10, 6, 0], [0, 7, 6, 0], [0, 9, 5, 0], [11, 0, 5, 0], [7, 0, 5, 0], [10, 0, 4, 7], [0, 0, 4, 10], triangle
[0, 0, 6, 0], [0, 6, 6, 0], [0, 7, 5, 0], [14, 14, 8, 0], [18, 23, 5, 0], [25, 0, 6, 0], [0, 26, 5, 0], [27, 0, 5, 0], [21, 21, 5, 22], [17, 0, 5, 14], triangle
[14, 0, 5, 0], [9, 0, 6, 0], [0, 8, 6, 0], [0, 6, 6, 0], [0, 8, 6, 0], [0, 10, 9, 0], [0, 15, 9, 0], [0, 19, 5, 0], [21, 20, 8, 0], [22, 0, 8, 0], [21, 0, 8, 0], [21, 20, 5, 27], [16, 18, 4, 20], [0, 0, 5, 0], [14, 0, 4, 11], triangle
[0, 0, 4, 8], [0, 0, 4, 10], [0, 0, 5, 17], [17, 0, 8, 19], [20, 0, 8, 21], [19, 0, 8, 0], [20, 0, 5, 20], [17, 0, 8, 0], [19, 0, 6, 0], [0, 8, 6, 0], [0, 7, 5, 0], triangle
[8, 0, 5, 0], [13, 0, 6, 0], [0, 11, 6, 0], [0, 8, 6, 0], [0, 6, 5, 0], [7, 0, 5, 0], [13, 0, 8, 14], [13, 0, 8, 0], [18, 21, 8, 0], [17, 18, 8, 0], [17, 0, 8, 0], triangle
[21, 0, 67, 8], [0, 27, 22, 5], [27, 18, 0, 5], [0, 14, 0, 4], [12, 0, 0, 4], [10, 0, 0, 4], [10, 0, 0, 5], [0, 8, 0, 6], [0, 0, 7, 6], [0, 0, 8, 6], [0, 0, 14, 9], [0, 0, 16, 5], [0, 19, 21, 8], [0, 23, 26, 8], [0, 23, 23, 10], triangle
[29, 25, 22, 6], [0, 0, 6, 6], [0, 0, 8, 6], [0, 0, 9, 5], [0, 13, 13, 9], [0, 0, 18, 9], [0, 0, 22, 5], [0, 21, 0, 8], [0, 27, 26, 5], [0, 20, 0, 8], [23, 21, 0, 5], triangle
[14, 12, 0, 5], [0, 8, 0, 6], [0, 0, 6, 6], [0, 0, 12, 5], [0, 16, 26, 8], [0, 21, 0, 5], [0, 24, 0, 5], [28, 19, 0, 5], [19, 14, 0, 5], [15, 9, 0, 5], triangle
[0, 11, 0, 9], [0, 0, 19, 5], [0, 21, 0, 8], [0, 21, 18, 8], [0, 20, 22, 5], [0, 15, 0, 8], [0, 15, 0, 4], [14, 0, 0, 4], [12, 0, 0, 5], [0, 8, 0, 6], [0, 0, 6, 3], [0, 0, 5, 5], [0, 13, 18, 8], [0, 17, 0, 8], [0, 22, 0, 8], [0, 27, 26, 5], [0, 22, 0, 8], triangle
[0, 24, 0, 5], [0, 16, 0, 8], [19, 18, 0, 5], [0, 12, 0, 4], [11, 0, 0, 6], [0, 0, 8, 6], [0, 0, 6, 6], [0, 0, 6, 6], [0, 0, 7, 6], [0, 0, 12, 5], [0, 14, 0, 8], [0, 17, 22, 8], [0, 20, 21, 8], triangle
[0, 19, 0, 9], [0, 0, 23, 6], [0, 0, 20, 5], [0, 24, 18, 5], [0, 18, 0, 5], [15, 13, 0, 4], [10, 0, 0, 6], [0, 0, 5, 3], [0, 0, 5, 6], [0, 0, 7, 5], [0, 12, 0, 8], [0, 16, 0, 8], [0, 17, 0, 8], [19, 19, 0, 8], [21, 20, 0, 5], triangle
[19, 15, 0, 5], [0, 16, 0, 8], [0, 15, 0, 5], [0, 12, 0, 8], [16, 14, 0, 4], [8, 0, 0, 4], [6, 0, 0, 6], [0, 0, 7, 3], [0, 0, 5, 3], [0, 0, 5, 6], [0, 0, 9, 5], [0, 11, 15, 8], [0, 15, 16, 8], [0, 17, 21, 5], [0, 19, 0, 8], triangle
[0, 21, 0, 6], [0, 0, 6, 6], [0, 0, 8, 6], [0, 0, 7, 6], [0, 0, 9, 5], [0, 16, 18, 8], [0, 25, 20, 5], [0, 22, 21, 8], [0, 22, 0, 8], [0, 21, 0, 8], [0, 19, 0, 5], [0, 16, 0, 4], [12, 0, 0, 4], triangle
[8, 0, 0, 9], [0, 0, 21, 6], [0, 0, 26, 5], [0, 25, 22, 5], [0, 19, 19, 8], [25, 19, 0, 5], [0, 12, 0, 8], [0, 13, 0, 5], [0, 7, 0, 6], [0, 0, 5, 3], [0, 0, 5, 6], [0, 0, 7, 6], [0, 0, 7, 6], [0, 0, 10, 5], [0, 15, 18, 5], [0, 22, 0, 4], [28, 0, 0, 4], triangle
[22, 0, 0, 7], [21, 0, 0, 5], [0, 22, 0, 8], [21, 22, 0, 5], [0, 14, 12, 6], [0, 0, 7, 6], [0, 0, 7, 4], [5, 0, 0, 4], [6, 0, 0, 5], [0, 12, 0, 8], [0, 14, 0, 8], [0, 18, 21, 8], [0, 20, 0, 8], [0, 19, 0, 8], triangle
[0, 21, 0, 5], [0, 21, 24, 8], [0, 19, 0, 6], [0, 0, 21, 6], [0, 0, 15, 5], [0, 13, 0, 5], [12, 10, 0, 4], [10, 0, 0, 4], [9, 0, 0, 4], [7, 0, 0, 5], [0, 6, 0, 6], [0, 0, 5, 3], [0, 0, 5, 6], [0, 0, 9, 5], [0, 11, 0, 8], [0, 14, 0, 4], [21, 0, 0, 7], [23, 0, 0, 5], [24, 24, 0, 5], [21, 21, 0, 8], triangle
[0, 21, 0, 9], [0, 0, 22, 5], [0, 24, 26, 5], [0, 18, 17, 5], [0, 13, 0, 8], [15, 13, 0, 5], [12, 12, 0, 4], [10, 0, 0, 4], [8, 0, 0, 4], [7, 0, 0, 5], [0, 7, 0, 6], [0, 0, 6, 3], [0, 0, 5, 6], [0, 0, 6, 5], [0, 14, 0, 6], [0, 0, 24, 5], triangle
[0, 18, 0, 8], [0, 15, 0, 8], [0, 15, 0, 8], [0, 16, 0, 8], [0, 14, 0, 6], [0, 0, 6, 5], [0, 8, 0, 4], [11, 0, 0, 4], [8, 0, 0, 4], [11, 0, 0, 5], [0, 10, 0, 8], [15, 14, 0, 8], [17, 16, 0, 8], [0, 21, 0, 8], [26, 24, 0, 5], triangle
[0, 17, 0, 8], [0, 16, 0, 8], [0, 14, 0, 5], [0, 12, 0, 6], [0, 0, 5, 6], [0, 0, 7, 5], [0, 5, 0, 4], [4, 0, 0, 1], [5, 0, 0, 5], [0, 8, 0, 8], [10, 16, 0, 8], [0, 15, 0, 8], [16, 13, 0, 8], [0, 17, 18, 8], triangle
[0, 19, 0, 67], [8, 0, 21, 0], [5, 0, 17, 22], [8, 0, 17, 0], [8, 0, 16, 0], [5, 17, 13, 0], [5, 0, 10, 0], [4, 8, 0, 0], [1, 5, 0, 0], [4, 6, 0, 0], [5, 0, 7, 0], [6, 0, 0, 7], [3, 0, 0, 5], [6, 0, 0, 7], [9, 0, 0, 13], [5, 0, 14, 19], [8, 0, 14, 19], [10, 21, 20, 21], [5, 0, 23, 0], [5, 0, 19, 0], triangle
[8, 0, 24, 0], [5, 0, 18, 20], [8, 0, 16, 18], [5, 0, 13, 0], [8, 13, 13, 0], [8, 9, 16, 0], [4, 7, 0, 0], [4, 6, 0, 0], [5, 6, 10, 0], [5, 0, 6, 0], [6, 0, 0, 6], [3, 0, 0, 5], [3, 0, 0, 5], [6, 0, 0, 8], [5, 0, 11, 13], [9, 0, 0, 16], [5, 0, 16, 0], [8, 0, 24, 0], [5, 0, 19, 0], triangle
[8, 0, 15, 0], [5, 0, 12, 11], [6, 0, 0, 8], [5, 0, 10, 0], [8, 0, 13, 0], [4, 8, 0, 0], [4, 7, 0, 0], [4, 7, 0, 0], [4, 8, 0, 0], [5, 11, 14, 0], [8, 0, 14, 0], [5, 0, 16, 0], [5, 0, 13, 0], triangle
[5, 0, 16, 14], [6, 0, 0, 9], [6, 0, 0, 7], [6, 0, 0, 7], [6, 0, 0, 11], [5, 0, 9, 0], [4, 7, 0, 0], [4, 6, 0, 0], [4, 6, 0, 0], [4, 8, 0, 0], [5, 13, 13, 0], [8, 0, 15, 0], [5, 0, 17, 0], [8, 0, 15, 0], triangle
[8, 0, 19, 0], [8, 0, 26, 0], [5, 0, 21, 0], [6, 0, 0, 19], [5, 0, 13, 11], [6, 0, 0, 7], [5, 0, 5, 0], [4, 5, 0, 0], [1, 5, 0, 0], [4, 6, 0, 0], [5, 12, 12, 0], [7, 15, 0, 0], [5, 0, 17, 22], [8, 0, 19, 0], [8, 0, 18, 0], [5, 0, 20, 0], triangle
[8, 0, 24, 0], [8, 0, 23, 0], [5, 0, 19, 21], [5, 0, 16, 0], [8, 16, 14, 0], [4, 12, 0, 0], [4, 8, 0, 0], [4, 7, 0, 0], [1, 5, 0, 0], [5, 0, 6, 0], [6, 0, 0, 8], [3, 0, 0, 5], [3, 0, 0, 5], [3, 0, 0, 5], [5, 0, 14, 0], [8, 0, 17, 20], [8, 0, 19, 0], [8, 24, 19, 0], [8, 25, 17, 0], triangle
[8, 0, 20, 17], [9, 0, 0, 22], [6, 0, 0, 17], [5, 0, 15, 0], [8, 0, 29, 0], [4, 12, 0, 0], [4, 6, 0, 0], [5, 0, 7, 0], [6, 0, 0, 5], [3, 0, 0, 4], [6, 0, 0, 6], [6, 0, 0, 11], [5, 0, 14, 17], [8, 0, 16, 0], [8, 23, 17, 0], [8, 0, 18, 0], [5, 0, 17, 0], triangle
[6, 0, 0, 4], [6, 0, 0, 6], [6, 0, 0, 7], [6, 0, 0, 7], [5, 0, 13, 0], [8, 0, 13, 18], [8, 0, 15, 16], [8, 0, 17, 19], [9, 0, 0, 21], triangle
[8, 0, 24, 19], [5, 0, 21, 18], [5, 0, 16, 0], [8, 0, 14, 0], [4, 11, 0, 0], [4, 11, 0, 0], [5, 0, 8, 0], [6, 0, 0, 5], [3, 0, 0, 5], [6, 0, 0, 10], [5, 0, 15, 0], [8, 0, 18, 0], [8, 0, 20, 0], [8, 0, 20, 0], [8, 0, 21, 0], [8, 0, 20, 0], triangle
[5, 0, 21, 0], [8, 0, 19, 0], [5, 0, 13, 0], [4, 8, 0, 0], [4, 8, 0, 0], [1, 5, 0, 0], [5, 0, 7, 0], [6, 0, 0, 6], [3, 0, 0, 5], [6, 0, 0, 7], [6, 0, 0, 11], [5, 0, 13, 16], [9, 0, 0, 20], [5, 0, 23, 23], [8, 0, 24, 0], [8, 0, 28, 0], triangle
[5, 0, 16, 0], [5, 0, 13, 0], [8, 0, 13, 0], [5, 0, 12, 0], [4, 9, 0, 0], [4, 8, 0, 0], [6, 0, 0, 6], [6, 0, 0, 6], [6, 0, 0, 8], [9, 0, 0, 13], [5, 0, 15, 21], [5, 23, 26, 0], [5, 0, 18, 0], triangle
[8, 0, 17, 0], [8, 0, 15, 0], [4, 12, 0, 0], [4, 11, 0, 0], [6, 0, 0, 8], [6, 0, 0, 6], [6, 0, 0, 7], [6, 0, 0, 7], [6, 0, 0, 12], [5, 0, 14, 0], [8, 0, 19, 0], [8, 0, 18, 0], [8, 21, 20, 0], triangle
[5, 0, 12, 0], [8, 11, 13, 0], [5, 0, 12, 0], [8, 16, 16, 0], [8, 0, 23, 22], [5, 0, 19, 0], [8, 0, 17, 0], [8, 0, 21, 16], [6, 0, 0, 13], [6, 0, 0, 10], [6, 0, 0, 8], [6, 0, 0, 8], triangle
[4, 10, 0, 0], [4, 7, 0, 0], [1, 4, 0, 0], [5, 0, 8, 0], [6, 0, 0, 7], [6, 0, 0, 6], [6, 0, 0, 7], [6, 0, 0, 6], [6, 0, 0, 7], [6, 0, 0, 11], [5, 0, 16, 0], [8, 17, 19, 0], [5, 0, 16, 0], [4, 17, 0, 0], [5, 0, 17, 0], triangle
[5, 0, 19, 0], [5, 0, 12, 0], [4, 10, 0, 0], [4, 10, 0, 0], [4, 6, 0, 0], [4, 8, 0, 0], [5, 0, 10, 0], [6, 0, 0, 8], [6, 0, 0, 6], [6, 0, 0, 6], [6, 0, 0, 6], [6, 0, 0, 12], [5, 0, 15, 0], [8, 0, 17, 0], [8, 0, 19, 0], [8, 20, 18, 0], [8, 0, 21, 0], triangle
[7, 22, 0, 0], [5, 0, 21, 0], [8, 0, 21, 0], [5, 0, 16, 16], [6, 0, 0, 9], [6, 0, 0, 8], [4, 9, 0, 0], [4, 9, 0, 0], [4, 11, 0, 0], [4, 10, 0, 0], [5, 11, 13, 0], [8, 0, 13, 0], [8, 0, 14, 0], [6, 0, 0, 19], [5, 0, 17, 0], [8, 0, 17, 0], triangle
[6, 0, 0, 6], [5, 0, 7, 0], [4, 7, 0, 0], [4, 7, 0, 0], [5, 10, 12, 0], [8, 0, 13, 0], [8, 0, 15, 0], [8, 0, 17, 23], [8, 25, 17, 0], [8, 0, 16, 18], [5, 0, 13, 0], [6, 0, 0, 8], [6, 0, 0, 6], triangle
[5, 0, 5, 0], [4, 11, 0, 0], [5, 14, 12, 0], [8, 15, 16, 0], [8, 16, 19, 0], [5, 17, 16, 0], [8, 23, 18, 0], [8, 0, 18, 0], [8, 0, 16, 0], [5, 0, 13, 0], [6, 0, 0, 9], [6, 0, 0, 8], [6, 0, 0, 8], [6, 0, 0, 8], triangle
[5, 0, 10, 0], [5, 0, 6, 0], [6, 0, 0, 12], [6, 0, 0, 12], [9, 0, 0, 13], [9, 0, 0, 16], [6, 0, 0, 13], [5, 0, 17, 0], [5, 0, 12, 0], [4, 11, 0, 0], [4, 10, 0, 0], [7, 16, 0, 0], [5, 0, 14, 0], triangle
[5, 0, 5, 0], [2, 0, 5, 0], [5, 0, 13, 0], [6, 0, 0, 14], [5, 0, 18, 0], [6, 0, 0, 17], [5, 0, 17, 16], [8, 0, 16, 0], [5, 0, 13, 0], [8, 0, 14, 0], [4, 10, 0, 0], [4, 11, 0, 0], [4, 10, 0, 0], [5, 9, 10, 0], [5, 0, 6, 0], [5, 0, 8, 0], [5, 0, 6, 0], triangle
[6, 0, 0, 8], [5, 0, 12, 0], [8, 0, 20, 0], [8, 0, 18, 0], [8, 0, 19, 21], [9, 0, 0, 22], [5, 0, 19, 0], [8, 0, 22, 0], [5, 0, 15, 0], [5, 11, 13, 0], [4, 12, 0, 0], triangle
[5, 0, 7, 0], [5, 0, 8, 0], [4, 6, 0, 0], [4, 7, 0, 0], [5, 13, 12, 0], [7, 13, 0, 0], [5, 15, 18, 0], [5, 0, 15, 0], [5, 0, 9, 0], [5, 0, 7, 0], [5, 0, 8, 0], [5, 0, 8, 0], triangle
[6, 0, 0, 7], [3, 0, 0, 5], [6, 0, 0, 7], [6, 0, 0, 7], [6, 0, 0, 10], [6, 0, 0, 12], [9, 0, 0, 13], [5, 0, 20, 16], [9, 0, 0, 16], [9, 0, 0, 14], [6, 0, 0, 12], [5, 0, 11, 0], [5, 0, 7, 0], [5, 0, 6, 0], [5, 0, 9, 0], triangle
[4, 8, 0, 0], [4, 8, 0, 0], [5, 0, 5, 0], [5, 0, 6, 0], [5, 0, 7, 0], [5, 0, 10, 0], [5, 0, 17, 0], [8, 21, 19, 0], [8, 23, 19, 0], [8, 19, 17, 0], [8, 15, 15, 0], [4, 11, 0, 0], [4, 9, 0, 0], [1, 5, 0, 0], [4, 7, 0, 0], [4, 7, 0, 0], triangle
[4, 7, 0, 0], [4, 6, 0, 0], [5, 0, 5, 0], [2, 0, 4, 0], [2, 0, 5, 0], [5, 0, 8, 0], [8, 0, 13, 18], [8, 0, 16, 0], [8, 0, 20, 23], [8, 24, 21, 23], [8, 0, 21, 0], [5, 0, 16, 0], [8, 12, 17, 0], [4, 12, 0, 0], [1, 5, 0, 0], triangle
[5, 0, 8, 0], [6, 0, 0, 8], [6, 0, 0, 7], [6, 0, 0, 11], [6, 0, 0, 11], [9, 0, 0, 19], [6, 0, 0, 21], [9, 0, 0, 19], [5, 0, 26, 19], [5, 0, 16, 15], [8, 0, 15, 0], [8, 0, 13, 0], triangle
[5, 0, 8, 0], [5, 0, 9, 0], [6, 0, 0, 4], [3, 0, 0, 5], [6, 0, 0, 7], [6, 0, 0, 11], [9, 0, 0, 14], [5, 0, 24, 20], [8, 0, 24, 0], [5, 0, 20, 22], [8, 0, 21, 18], [8, 0, 19, 0], [5, 0, 12, 0], [5, 0, 9, 0], [5, 0, 7, 0], [5, 0, 9, 0], triangle
[4, 8, 0, 0], [5, 0, 8, 0], [2, 0, 5, 0], [2, 0, 5, 0], [5, 0, 8, 0], [8, 0, 15, 22], [8, 0, 17, 0], [5, 24, 22, 0], [8, 0, 25, 0], [5, 21, 19, 0], [8, 18, 18, 0], [5, 14, 14, 0], [4, 11, 0, 0], [4, 9, 0, 0], triangle
[5, 0, 8, 0], [4, 5, 0, 0], [4, 10, 0, 0], [4, 11, 0, 0], [5, 0, 15, 0], [8, 17, 21, 0], [8, 20, 21, 0], [8, 0, 21, 0], [8, 0, 20, 23], [8, 22, 18, 0], [8, 21, 19, 0], [5, 0, 14, 0], triangle
[6, 0, 0, 7], [6, 0, 0, 7], [6, 0, 0, 9], [5, 0, 14, 14], [8, 0, 17, 21], [8, 0, 20, 23], [8, 0, 24, 28], [8, 0, 27, 24], [5, 27, 21, 0], [5, 0, 17, 0], [5, 0, 13, 0], [8, 11, 14, 0], triangle
[5, 0, 9, 0], [4, 8, 0, 0], [4, 11, 0, 0], [5, 10, 16, 0], [8, 13, 15, 0], [8, 18, 22, 0], [8, 22, 22, 0], [8, 0, 23, 0], [8, 0, 22, 0], [8, 22, 20, 0], [5, 22, 16, 0], [5, 0, 10, 0], triangle
[5, 0, 7, 0], [5, 11, 12, 0], [8, 11, 14, 0], [8, 21, 17, 0], [8, 20, 21, 0], [8, 27, 22, 0], [8, 24, 24, 29], [8, 0, 23, 28], [8, 0, 22, 24], [5, 0, 17, 0], [6, 0, 0, 11], [6, 0, 0, 9], [6, 0, 0, 8], triangle
[5, 0, 7, 0], [4, 6, 0, 0], [4, 9, 0, 0], [5, 13, 19, 0], [8, 0, 20, 0], [8, 0, 22, 0], [8, 25, 29, 0], [5, 0, 25, 0], [5, 29, 21, 0], [5, 0, 14, 0], [8, 0, 16, 0], triangle
[5, 12, 8, 0], [5, 0, 11, 0], [6, 0, 0, 8], [6, 0, 0, 11], [9, 0, 0, 15], [5, 0, 19, 19], [8, 0, 27, 27], [5, 0, 27, 0], [8, 0, 26, 0], [8, 0, 24, 24], [5, 23, 19, 0], [8, 17, 18, 0], [5, 13, 13, 0], [5, 0, 10, 0], triangle
[5, 0, 10, 0], [5, 8, 12, 0], [5, 18, 14, 0], [8, 16, 19, 0], [8, 22, 20, 0], [8, 24, 21, 0], [8, 24, 21, 0], [8, 24, 21, 0], [5, 0, 18, 0], triangle
[8, 0, 16, 0], [6, 0, 0, 14], [4, 11, 0, 0], [4, 11, 0, 0], [5, 15, 15, 0], [8, 20, 13, 0], [8, 0, 22, 0], [5, 0, 17, 0], [8, 0, 17, 0], [8, 0, 21, 0], triangle
[4, 15, 0, 0], [4, 11, 0, 0], [5, 0, 11, 0], [6, 0, 0, 7], [6, 0, 0, 10], [5, 0, 14, 17], [8, 0, 16, 18], [8, 0, 21, 0], triangle
[5, 0, 12, 0], [4, 13, 0, 0], [4, 11, 0, 0], [5, 0, 6, 0], [5, 0, 9, 0], [6, 0, 0, 5], [3, 0, 0, 5], [6, 0, 0, 7], [5, 0, 15, 10], [8, 0, 14, 0], [8, 0, 17, 0], [8, 0, 24, 24], [5, 0, 21, 0], [8, 0, 23, 0], triangle
[5, 0, 13, 0], [4, 12, 0, 0], [4, 11, 0, 0], [4, 11, 0, 0], [5, 0, 10, 0], [5, 0, 8, 0], [6, 0, 0, 10], [5, 0, 13, 11], [5, 0, 23, 0], [8, 0, 22, 0], triangle
[5, 0, 23, 0], [5, 0, 16, 14], [6, 0, 0, 9], [5, 0, 11, 0], [8, 0, 17, 0], [8, 0, 18, 13], triangle
[7, 25, 0, 0], [7, 24, 0, 0], [5, 0, 16, 0], [8, 0, 15, 13], [6, 0, 0, 9], [6, 0, 0, 7], [6, 0, 0, 8], [5, 0, 9, 0], [4, 12, 0, 0], [4, 10, 0, 0], [5, 0, 14, 0], [8, 0, 16, 0], [5, 0, 21, 0], [8, 0, 20, 0], triangle
[5, 0, 11, 0], [5, 0, 9, 0], [6, 0, 0, 8], [3, 0, 0, 5], [6, 0, 0, 7], [6, 0, 0, 16], [5, 0, 20, 0], [8, 0, 20, 0], triangle
[5, 0, 16, 0], [4, 17, 0, 0], [4, 8, 0, 0], [4, 10, 0, 0], [5, 0, 8, 0], [6, 0, 0, 7], [3, 0, 0, 5], [6, 0, 0, 9], [6, 0, 0, 13], [9, 0, 0, 18], [9, 0, 0, 21], triangle
[5, 0, 19, 0], [5, 0, 11, 0], [8, 0, 13, 0], [6, 0, 0, 7], [6, 0, 0, 7], [6, 0, 0, 16], [5, 0, 20, 0], [8, 0, 21, 0], triangle
[8, 0, 20, 0], [5, 0, 12, 0], [4, 13, 0, 0], [4, 10, 0, 0], [4, 9, 0, 0], [5, 0, 9, 0], [5, 0, 7, 0], [6, 0, 0, 5], [3, 0, 0, 5], [6, 0, 0, 6], [9, 0, 0, 13], [5, 0, 15, 0], [5, 25, 21, 0], [7, 27, 0, 0], [5, 0, 24, 0], triangle
[6, 0, 0, 7], [5, 0, 14, 0], [5, 0, 11, 0], [4, 10, 0, 0], [7, 13, 0, 0], [5, 18, 16, 0], [8, 24, 20, 0], [8, 0, 24, 0], [8, 0, 23, 29], [8, 0, 27, 22], [5, 0, 24, 20], [8, 0, 22, 16], [6, 0, 0, 12], [6, 0, 0, 8], [6, 0, 0, 9], triangle
[67, 6, 0, 0], [7, 4, 11, 0], [0, 4, 6, 0], [0, 4, 8, 0], [0, 5, 13, 17], [0, 8, 19, 17], [0, 10, 23, 24], [26, 6, 0, 0], [23, 5, 0, 24], [0, 5, 23, 19], [0, 8, 0, 18], [15, 6, 0, 0], [7, 6, 0, 0], [6, 6, 0, 0], triangle
[8, 6, 0, 0], [6, 6, 0, 0], [11, 5, 0, 18], [0, 8, 0, 22], [0, 8, 0, 21], [24, 8, 0, 22], [0, 8, 25, 20], [0, 8, 0, 23], [0, 5, 0, 9], [0, 6, 0, 0], triangle
[6, 6, 0, 0], [9, 5, 0, 10], [0, 5, 0, 20], [0, 8, 0, 20], [0, 8, 0, 22], [0, 8, 0, 24], [25, 8, 0, 22], [0, 6, 0, 0], [10, 6, 0, 0], [8, 3, 0, 0], triangle
[5, 5, 0, 7], [0, 6, 0, 0], [6, 3, 0, 0], [5, 3, 0, 0], [5, 6, 0, 0], [7, 6, 0, 0], [10, 5, 0, 18], [0, 8, 0, 20], [19, 8, 0, 22], [0, 8, 0, 21], [0, 8, 23, 19], [0, 5, 0, 15], [0, 5, 0, 12], [0, 4, 9, 0], [0, 4, 7, 0], [0, 4, 7, 0], triangle
[0, 5, 10, 11], [0, 5, 13, 11], [0, 8, 18, 15], [0, 6, 0, 0], [21, 5, 0, 21], [17, 5, 0, 18], [15, 6, 0, 0], [11, 6, 0, 0], [7, 3, 0, 0], [5, 3, 0, 0], [5, 5, 0, 9], [0, 4, 8, 0], triangle
[0, 8, 0, 14], [0, 8, 0, 16], [18, 8, 0, 21], [23, 8, 0, 22], [18, 5, 0, 19], [16, 8, 0, 17], [11, 6, 0, 0], [9, 6, 0, 0], [6, 3, 0, 0], [5, 5, 0, 6], [0, 5, 0, 9], [0, 4, 8, 0], triangle
[0, 5, 0, 11], [0, 6, 0, 0], [10, 6, 0, 0], [12, 5, 0, 18], [19, 8, 0, 25], [23, 9, 0, 0], [27, 6, 0, 0], [24, 5, 28, 22], [0, 8, 0, 21], [0, 5, 0, 14], [0, 5, 0, 11], triangle
[0, 6, 0, 0], [7, 5, 0, 6], [0, 4, 8, 0], [0, 4, 7, 0], [0, 5, 13, 11], [0, 8, 17, 18], [0, 8, 21, 18], [0, 8, 0, 26], [0, 8, 27, 26], [0, 8, 0, 26], [0, 5, 0, 19], [21, 8, 0, 17], [16, 6, 0, 0], [9, 6, 0, 0], [8, 6, 0, 0], [7, 6, 0, 0], triangle
[8, 67, 6, 0], [0, 11, 5, 0], [7, 0, 4, 8], [0, 0, 4, 8], [0, 0, 4, 8], [0, 0, 5, 0], [13, 0, 10, 18], [19, 23, 8, 28], [24, 0, 8, 26], [23, 0, 5, 26], [20, 20, 8, 0], [18, 14, 6, 0], [0, 5, 3, 0], triangle
[0, 5, 6, 0], [0, 9, 5, 0], [7, 0, 5, 0], [8, 0, 5, 0], [8, 0, 8, 0], [13, 26, 8, 0], [19, 0, 5, 0], [24, 0, 8, 0], [24, 24, 8, 0], [24, 21, 5, 0], [19, 16, 6, 0], [0, 9, 6, 0], [0, 9, 6, 0], [0, 10, 6, 0], triangle
[0, 12, 5, 0], [9, 0, 5, 0], [8, 0, 6, 0], [0, 5, 6, 0], [0, 7, 6, 0], [0, 10, 9, 0], [0, 13, 5, 0], [18, 21, 8, 0], [24, 0, 8, 0], [24, 24, 8, 0], [23, 0, 5, 0], [17, 0, 8, 0], [15, 0, 4, 8], [0, 0, 4, 11], triangle
[0, 0, 67, 4], [12, 0, 0, 5], [0, 14, 0, 10], [20, 21, 20, 10], [24, 26, 23, 5], [0, 23, 25, 9], [0, 0, 23, 5], [0, 21, 19, 6], [0, 0, 13, 6], [0, 0, 10, 6], triangle
[0, 0, 6, 5], [0, 6, 0, 5], [0, 10, 0, 4], [7, 0, 0, 4], [9, 0, 0, 5], [0, 11, 0, 8], [18, 16, 0, 8], [0, 20, 20, 5], [27, 20, 20, 8], [0, 20, 18, 6], [0, 0, 8, 6], [0, 0, 6, 6], triangle
[0, 0, 8, 5], [0, 10, 0, 4], [9, 0, 0, 5], [0, 14, 0, 8], [16, 16, 0, 5], [0, 23, 0, 6], [0, 0, 23, 5], [0, 21, 18, 9], [0, 0, 16, 6], [0, 0, 11, 6], triangle
[0, 0, 7, 67], [6, 0, 0, 10], [5, 0, 7, 0], [4, 6, 0, 0], [4, 6, 0, 0], [5, 9, 10, 0], [8, 0, 14, 0], [8, 0, 19, 0], [8, 0, 25, 20], [9, 0, 0, 22], [5, 0, 19, 0], [10, 21, 16, 14], [5, 0, 13, 10], [6, 0, 0, 7], triangle
[5, 0, 9, 0], [2, 0, 5, 0], [6, 0, 0, 5], [3, 0, 0, 4], [3, 0, 0, 5], [5, 0, 13, 13], [8, 0, 16, 22], [8, 0, 19, 0], [8, 0, 22, 0], [8, 29, 21, 24], [8, 23, 20, 0], [5, 0, 14, 0], [8, 0, 16, 0], [4, 8, 0, 0], [1, 5, 0, 0], [4, 8, 0, 0], triangle
[6, 0, 0, 8], [6, 0, 0, 9], [6, 0, 0, 9], [5, 0, 19, 14], [8, 0, 21, 0], [8, 0, 23, 0], [6, 0, 0, 24], [5, 0, 18, 19], [5, 0, 13, 0], [4, 10, 0, 0], triangle
[4, 13, 0, 0], [4, 11, 0, 0], [5, 0, 11, 0], [6, 0, 0, 7], [6, 0, 0, 10], [9, 0, 0, 13], [9, 0, 0, 15], [9, 0, 0, 18], [9, 0, 0, 21], triangle
[6, 0, 0, 4], [3, 0, 0, 5], [3, 0, 0, 5], [5, 0, 20, 14], [5, 0, 19, 0], triangle
[5, 0, 15, 0], [5, 0, 11, 0], [5, 0, 8, 0], [6, 0, 0, 5], [6, 0, 0, 6], [6, 0, 0, 8], [9, 0, 0, 15], [5, 0, 15, 0], [8, 0, 15, 18], [8, 0, 17, 0], triangle
[5, 0, 14, 0], [4, 12, 0, 0], [6, 0, 0, 8], [6, 0, 0, 11], [9, 0, 0, 15], [5, 0, 19, 0], triangle
[5, 0, 11, 0], [4, 7, 0, 0], [6, 0, 0, 6], [3, 0, 0, 5], [3, 0, 0, 5], [6, 0, 0, 9], [5, 0, 17, 17], [8, 0, 18, 18], [8, 0, 19, 0], triangle
[6, 0, 0, 8], triangle
[6, 0, 0, 5], [6, 0, 0, 7], [6, 0, 0, 9], [9, 0, 0, 14], [9, 0, 0, 15], [9, 0, 0, 19], [5, 0, 20, 21], [5, 0, 19, 0], [8, 0, 18, 0], triangle
[5, 0, 11, 0], [5, 0, 12, 0], [4, 11, 0, 0], [6, 0, 0, 7], [6, 0, 0, 10], [6, 0, 0, 8], [6, 0, 0, 8], [6, 0, 0, 12], [5, 0, 18, 0], [8, 0, 17, 17], [8, 0, 17, 0], triangle
