[8, 22, 23, 0], [8, 0, 21, 0], [5, 17, 17, 0], [5, 16, 11, 0], [5, 0, 8, 0], [2, 0, 4, 0], [2, 0, 5, 0], [5, 0, 9, 0], [6, 0, 0, 16], [9, 0, 0, 19], [6, 0, 0, 24], [9, 0, 0, 24], [9, 0, 0, 22], [9, 0, 0, 20], [9, 0, 0, 19], v
[9, 0, 0, 14], [9, 0, 0, 15], [9, 0, 0, 14], [9, 0, 0, 14], [6, 0, 0, 11], [6, 0, 0, 7], [5, 0, 8, 0], [2, 0, 4, 0], [5, 0, 7, 0], [5, 0, 12, 0], [8, 16, 18, 0], [8, 22, 22, 0], [5, 24, 25, 0], [7, 27, 0, 0], [4, 21, 0, 0], v
[5, 0, 20, 0], [8, 18, 18, 0], [8, 14, 17, 0], [5, 0, 9, 0], [5, 0, 6, 0], [6, 0, 0, 15], [9, 0, 0, 18], [9, 0, 0, 19], [9, 0, 0, 21], [9, 0, 0, 19], [6, 0, 0, 15], v
[9, 0, 0, 22], [9, 0, 0, 22], [9, 0, 0, 23], [9, 0, 0, 21], [6, 0, 0, 14], [9, 0, 0, 13], [5, 0, 12, 0], [5, 0, 8, 0], [5, 0, 8, 0], [5, 0, 9, 0], [4, 14, 0, 0], [5, 16, 20, 0], [7, 19, 0, 0], [5, 26, 26, 0], [8, 0, 25, 0], [5, 0, 22, 0], v
[8, 15, 19, 0], [8, 21, 21, 0], [8, 18, 21, 0], [5, 17, 16, 0], [5, 14, 10, 0], [5, 0, 6, 0], [6, 0, 0, 9], [9, 0, 0, 13], [9, 0, 0, 17], [9, 0, 0, 18], [9, 0, 0, 24], [6, 0, 0, 20], [9, 0, 0, 21], v
[9, 0, 0, 14], [6, 0, 0, 11], [5, 0, 5, 0], [5, 0, 7, 0], [5, 16, 11, 0], [8, 14, 19, 0], [8, 20, 23, 0], [8, 20, 22, 0], [7, 19, 0, 0], [7, 21, 0, 0], [7, 24, 0, 0], [4, 17, 0, 0], v
[5, 0, 14, 0], [8, 0, 13, 0], [5, 16, 9, 0], [5, 0, 6, 0], [5, 0, 7, 0], [6, 0, 0, 11], [9, 0, 0, 15], [9, 0, 0, 18], [9, 0, 0, 20], [9, 0, 0, 27], [6, 0, 0, 21], [6, 0, 0, 18], [9, 0, 0, 16], v
[9, 0, 0, 20], [9, 0, 0, 18], [6, 0, 0, 9], [5, 0, 11, 0], [2, 0, 5, 0], [5, 0, 6, 0], [5, 0, 10, 0], [8, 13, 18, 0], [8, 17, 21, 0], [8, 22, 22, 0], [7, 20, 0, 0], [7, 19, 0, 0], v
[8, 16, 17, 0], [4, 13, 0, 0], [5, 13, 14, 0], [5, 0, 9, 0], [5, 0, 8, 0], [6, 0, 0, 11], [9, 0, 0, 16], [6, 0, 0, 23], [9, 0, 0, 21], v
[9, 0, 0, 15], [9, 0, 0, 16], [6, 0, 0, 12], [6, 0, 0, 9], [6, 0, 0, 7], [5, 0, 8, 0], [5, 0, 8, 0], [8, 0, 16, 0], [8, 22, 21, 0], [8, 23, 24, 0], [8, 25, 24, 0], [8, 26, 27, 0], [7, 24, 0, 0], [4, 21, 0, 0], v
[8, 0, 16, 0], [8, 0, 15, 0], [5, 13, 11, 0], [5, 0, 6, 0], [5, 0, 8, 0], [6, 0, 0, 10], [9, 0, 0, 19], [9, 0, 0, 21], [9, 0, 0, 21], [9, 0, 0, 24], [9, 0, 0, 27], [6, 0, 0, 22], [6, 0, 0, 18], [6, 0, 0, 11], v
[9, 0, 0, 13], [9, 0, 0, 14], [6, 0, 0, 12], [9, 0, 0, 13], [6, 0, 0, 8], [6, 0, 0, 7], [5, 0, 10, 0], [5, 0, 9, 0], [8, 0, 15, 0], [8, 0, 19, 0], [8, 19, 20, 0], [8, 20, 23, 0], [8, 22, 26, 0], [5, 25, 19, 0], [4, 20, 0, 0], v
[8, 17, 17, 0], [5, 0, 14, 0], [5, 0, 8, 0], [5, 0, 6, 0], [5, 0, 7, 0], [5, 0, 11, 12], [9, 0, 0, 15], [9, 0, 0, 21], [6, 0, 0, 21], [9, 0, 0, 21], [6, 0, 0, 17], [6, 0, 0, 14], [6, 0, 0, 8], v
[9, 0, 0, 15], [9, 0, 0, 16], [9, 0, 0, 15], [9, 0, 0, 16], [6, 0, 0, 13], [5, 0, 5, 0], [5, 0, 9, 0], [8, 19, 16, 0], [8, 0, 21, 0], [5, 22, 21, 0], [8, 0, 19, 0], [5, 0, 13, 0], v
[8, 15, 18, 0], [8, 0, 21, 0], [8, 20, 19, 0], [5, 18, 15, 0], [5, 0, 9, 0], [5, 0, 8, 0], [5, 0, 11, 0], [6, 0, 0, 13], [9, 0, 0, 18], [9, 0, 0, 23], [9, 0, 0, 30], [6, 0, 0, 27], [6, 0, 0, 23], v
[9, 0, 0, 15], [6, 0, 0, 17], [9, 0, 0, 17], [9, 0, 0, 15], [6, 0, 0, 8], [3, 0, 0, 5], [5, 0, 8, 0], [8, 0, 13, 0], [8, 15, 15, 0], [8, 19, 19, 0], [8, 20, 25, 0], [7, 21, 0, 0], [5, 0, 21, 0], [5, 0, 14, 0], v
[5, 21, 26, 0], [5, 0, 22, 0], [5, 15, 15, 0], [6, 0, 0, 11], [9, 0, 0, 13], [9, 0, 0, 19], [6, 0, 0, 15], v
[9, 0, 0, 17], [9, 0, 0, 27], [6, 0, 0, 20], [9, 0, 0, 20], [6, 0, 0, 11], [6, 0, 0, 7], [5, 0, 7, 0], [8, 0, 13, 0], [8, 15, 16, 0], [8, 22, 19, 0], [8, 19, 19, 0], [8, 20, 21, 0], [8, 17, 19, 0], v
[4, 15, 0, 0], [5, 21, 21, 0], [5, 0, 18, 0], [5, 0, 13, 0], [5, 0, 10, 0], [6, 0, 0, 9], [6, 0, 0, 11], [9, 0, 0, 17], [9, 0, 0, 21], [9, 0, 0, 23], [6, 0, 0, 26], v
[9, 0, 0, 18], [6, 0, 0, 19], [9, 0, 0, 17], [6, 0, 0, 11], [6, 0, 0, 8], [5, 0, 10, 0], [8, 15, 17, 0], [7, 20, 0, 0], [5, 21, 24, 0], [8, 25, 25, 0], [5, 0, 22, 0], [8, 0, 23, 0], [4, 19, 0, 0], v
[5, 0, 23, 0], [5, 0, 15, 0], [5, 0, 9, 0], [6, 0, 0, 9], [9, 0, 0, 13], [9, 0, 0, 16], [9, 0, 0, 23], [6, 0, 0, 29], [6, 0, 0, 22], [6, 0, 0, 19], [6, 0, 0, 15], v
[8, 25, 23, 0], [8, 25, 21, 0], [5, 20, 18, 0], [5, 0, 11, 0], [5, 0, 8, 0], [6, 0, 0, 8], [9, 0, 0, 16], [6, 0, 0, 26], v
[8, 21, 21, 0], [7, 21, 0, 0], [5, 0, 20, 0], [4, 19, 0, 0], [5, 0, 12, 0], [6, 0, 0, 12], [9, 0, 0, 17], [9, 0, 0, 20], [9, 0, 0, 24], [9, 0, 0, 26], v
[9, 0, 0, 21], [6, 0, 0, 18], [9, 0, 0, 16], [6, 0, 0, 11], [6, 0, 0, 8], [5, 0, 17, 0], [4, 23, 0, 0], [5, 23, 23, 0], [8, 0, 29, 0], v
[8, 0, 19, 0], [5, 15, 15, 0], [5, 0, 12, 0], [2, 0, 5, 0], [5, 0, 6, 0], [6, 0, 0, 11], [5, 0, 17, 16], [9, 0, 0, 18], [6, 0, 0, 24], [9, 0, 0, 23], [6, 0, 0, 24], v
[5, 0, 17, 16], [6, 0, 0, 9], [5, 0, 10, 0], [8, 0, 16, 0], [8, 0, 21, 0], [8, 0, 21, 0], [8, 22, 22, 0], [8, 25, 24, 0], [8, 22, 22, 0], [7, 23, 0, 0], v
[5, 18, 15, 0], [5, 0, 10, 0], [2, 0, 4, 0], [5, 0, 13, 13], [6, 0, 0, 22], [9, 0, 0, 25], [6, 0, 0, 28], [6, 0, 0, 19], v
[6, 0, 0, 21], [6, 0, 0, 14], [6, 0, 0, 12], [5, 0, 12, 0], [5, 0, 5, 0], [5, 0, 9, 0], [8, 0, 14, 0], [8, 0, 20, 0], [8, 22, 25, 0], [5, 27, 26, 0], [8, 0, 24, 0], [8, 0, 22, 0], v
[5, 24, 20, 0], [8, 28, 19, 0], [8, 0, 17, 0], [5, 0, 14, 0], [5, 0, 11, 0], [5, 0, 6, 0], [2, 0, 5, 0], [6, 0, 0, 10], [6, 0, 0, 11], [9, 0, 0, 13], [9, 0, 0, 17], [9, 0, 0, 19], [9, 0, 0, 24], [6, 0, 0, 20], [6, 0, 0, 16], v
[6, 0, 0, 21], [6, 0, 0, 15], [9, 0, 0, 13], [6, 0, 0, 8], [5, 0, 8, 0], [8, 0, 13, 0], [8, 16, 22, 0], [8, 22, 23, 0], [8, 26, 24, 0], [8, 0, 27, 0], [4, 28, 0, 0], v
[8, 0, 19, 0], [8, 0, 22, 0], [5, 0, 19, 0], [5, 14, 16, 0], [5, 0, 10, 0], [5, 0, 6, 0], [2, 0, 4, 0], [5, 0, 6, 0], [6, 0, 0, 11], [9, 0, 0, 16], [9, 0, 0, 17], [9, 0, 0, 16], [9, 0, 0, 17], [9, 0, 0, 18], [9, 0, 0, 18], [9, 0, 0, 22], [6, 0, 0, 17], [9, 0, 0, 17], v
[6, 0, 0, 16], [9, 0, 0, 14], [6, 0, 0, 12], [6, 0, 0, 10], [6, 0, 0, 11], [5, 0, 11, 0], [8, 0, 15, 0], [8, 19, 16, 0], [8, 0, 20, 0], [4, 19, 0, 0], [4, 21, 0, 0], v
[8, 0, 16, 0], [8, 0, 16, 0], [5, 0, 12, 0], [5, 0, 7, 0], [6, 0, 0, 15], [5, 0, 22, 19], [6, 0, 0, 22], [9, 0, 0, 21], [6, 0, 0, 16], v
[6, 0, 0, 16], [9, 0, 0, 17], [6, 0, 0, 14], [6, 0, 0, 11], [6, 0, 0, 11], [5, 0, 9, 0], [8, 0, 14, 0], [8, 16, 19, 0], [8, 0, 21, 0], [8, 0, 20, 0], [8, 21, 22, 0], [5, 0, 18, 0], v
[8, 23, 21, 0], [5, 0, 15, 0], [8, 0, 13, 0], [5, 0, 8, 0], [5, 0, 6, 0], [6, 0, 0, 13], [9, 0, 0, 18], [6, 0, 0, 26], [6, 0, 0, 19], v
[9, 0, 0, 18], [9, 0, 0, 18], [9, 0, 0, 19], [5, 0, 23, 18], [6, 0, 0, 15], [6, 0, 0, 10], [5, 0, 6, 0], [8, 0, 13, 0], [8, 0, 14, 0], [8, 0, 15, 0], [8, 17, 17, 0], [8, 18, 18, 0], v
[8, 21, 18, 0], [8, 0, 21, 0], [8, 19, 20, 0], [5, 0, 13, 0], [8, 0, 13, 0], [5, 0, 8, 0], [6, 0, 0, 12], [6, 0, 0, 11], [9, 0, 0, 14], [9, 0, 0, 17], [9, 0, 0, 19], [9, 0, 0, 22], [6, 0, 0, 19], [6, 0, 0, 14], v
[9, 0, 0, 22], [6, 0, 0, 16], [6, 0, 0, 10], [6, 0, 0, 9], [5, 0, 6, 0], [8, 0, 16, 0], [8, 14, 17, 0], [8, 0, 20, 0], [8, 0, 21, 0], [8, 0, 23, 0], [5, 0, 20, 0], v
[8, 0, 23, 0], [8, 0, 21, 0], [8, 0, 20, 0], [5, 0, 15, 0], [5, 15, 9, 0], [2, 0, 5, 0], [5, 0, 9, 0], [6, 0, 0, 11], [9, 0, 0, 13], [6, 0, 0, 22], [6, 0, 0, 21], v
[9, 0, 0, 16], [9, 0, 0, 16], [6, 0, 0, 10], [6, 0, 0, 10], [5, 0, 6, 0], [5, 0, 12, 0], [8, 19, 18, 0], [8, 17, 21, 0], [8, 0, 24, 0], [5, 20, 19, 0], [8, 19, 18, 0], v
[8, 0, 17, 0], [8, 0, 17, 0], [8, 19, 16, 0], [5, 0, 13, 0], [5, 0, 8, 0], [2, 0, 5, 0], [2, 0, 5, 0], [5, 0, 8, 11], [6, 0, 0, 12], [9, 0, 0, 15], [6, 0, 0, 24], [6, 0, 0, 14], v
[9, 0, 0, 27], [6, 0, 0, 24], [6, 0, 0, 16], [6, 0, 0, 13], [6, 0, 0, 11], [5, 0, 8, 0], [5, 0, 8, 0], [5, 0, 12, 0], [8, 0, 16, 0], [8, 0, 19, 0], [8, 23, 22, 0], [8, 23, 22, 0], [8, 23, 29, 0], [5, 0, 21, 0], v
[8, 0, 16, 0], [8, 0, 19, 0], [5, 17, 19, 0], [5, 0, 9, 0], [2, 0, 5, 0], [2, 0, 4, 0], [6, 0, 0, 12], [9, 0, 0, 13], [6, 0, 0, 23], [6, 0, 0, 19], [6, 0, 0, 13], v
[6, 0, 0, 11], [9, 0, 0, 19], [9, 0, 0, 17], [9, 0, 0, 21], [6, 0, 0, 16], [6, 0, 0, 12], [6, 0, 0, 8], [5, 0, 6, 0], [5, 0, 12, 0], [8, 0, 18, 0], [8, 0, 20, 0], [4, 21, 0, 0], [5, 0, 24, 0], [5, 21, 21, 0], [8, 24, 20, 0], v
[8, 24, 20, 0], [5, 18, 14, 0], [8, 19, 13, 0], [5, 0, 10, 0], [2, 0, 5, 0], [2, 0, 4, 0], [6, 0, 0, 9], [6, 0, 0, 10], [9, 0, 0, 14], [9, 0, 0, 18], [6, 0, 0, 22], [6, 0, 0, 18], [9, 0, 0, 16], v
[9, 0, 0, 22], [6, 0, 0, 19], [5, 0, 18, 21], [6, 0, 0, 11], [5, 0, 16, 0], [8, 20, 21, 0], [8, 19, 27, 0], [8, 0, 25, 0], [8, 0, 24, 0], [8, 0, 23, 0], [8, 0, 21, 0], v
[8, 0, 18, 0], [8, 0, 19, 0], [5, 0, 12, 0], [5, 0, 8, 0], [2, 0, 5, 0], [6, 0, 0, 6], [6, 0, 0, 8], [9, 0, 0, 14], [9, 0, 0, 18], [9, 0, 0, 21], [9, 0, 0, 27], v
, v
[6, 0, 0, 20], [6, 0, 0, 17], [6, 0, 0, 12], [6, 0, 0, 8], [5, 0, 6, 0], [2, 0, 5, 0], [5, 0, 6, 0], [5, 0, 11, 0], [5, 0, 11, 0], [8, 0, 16, 0], [8, 0, 20, 0], [8, 0, 28, 0], [5, 0, 21, 0], [8, 0, 24, 0], [8, 22, 22, 0], [5, 0, 18, 0], v
[8, 0, 20, 0], [8, 0, 19, 0], [5, 18, 16, 0], [5, 0, 8, 0], [2, 0, 5, 0], [2, 0, 4, 0], [6, 0, 0, 10], [6, 0, 0, 10], [6, 0, 0, 12], [9, 0, 0, 19], [9, 0, 0, 23], [9, 0, 0, 21], [9, 0, 0, 23], [6, 0, 0, 17], v
[5, 0, 17, 17], [8, 0, 20, 21], [6, 0, 0, 16], [6, 0, 0, 12], [6, 0, 0, 8], [5, 0, 7, 0], [5, 0, 12, 0], [8, 13, 16, 0], [7, 16, 0, 0], [5, 19, 24, 0], [8, 21, 22, 0], [8, 20, 23, 0], v
[8, 20, 21, 0], [5, 0, 15, 0], [5, 0, 10, 0], [5, 0, 7, 0], [6, 0, 0, 10], [6, 0, 0, 19], [6, 0, 0, 15], [6, 0, 0, 21], [9, 0, 0, 19], v
[6, 0, 0, 22], [6, 0, 0, 16], [9, 0, 0, 19], [6, 0, 0, 6], [6, 0, 0, 8], [5, 0, 12, 0], [5, 0, 18, 0], [4, 20, 0, 0], [5, 26, 21, 0], [8, 24, 22, 0], [8, 0, 22, 0], [8, 0, 21, 0], v
[5, 25, 23, 0], [8, 0, 21, 0], [5, 0, 18, 0], [5, 0, 14, 0], [5, 0, 8, 0], [6, 0, 0, 6], [6, 0, 0, 8], [6, 0, 0, 10], [9, 0, 0, 15], [9, 0, 0, 19], [6, 0, 0, 24], [6, 0, 0, 18], v
[9, 0, 0, 24], [6, 0, 0, 21], [6, 0, 0, 17], [6, 0, 0, 13], [6, 0, 0, 9], [6, 0, 0, 8], [5, 0, 5, 0], [5, 16, 20, 0], [8, 21, 19, 0], [7, 20, 0, 0], [5, 30, 28, 0], [5, 26, 21, 0], [8, 0, 21, 0], [8, 0, 23, 0], v
[5, 0, 23, 0], [5, 0, 20, 0], [8, 20, 21, 0], [4, 15, 0, 0], [5, 0, 7, 0], [6, 0, 0, 11], [6, 0, 0, 19], [9, 0, 0, 19], [9, 0, 0, 20], v
[9, 0, 0, 26], [6, 0, 0, 19], [9, 0, 0, 18], [6, 0, 0, 10], [5, 0, 10, 0], [5, 13, 18, 0], [8, 0, 21, 0], [8, 0, 26, 0], [4, 22, 0, 0], [5, 0, 23, 0], v
[8, 0, 24, 0], [5, 0, 26, 0], [5, 0, 19, 0], [6, 0, 0, 19], [6, 0, 0, 19], v
[6, 0, 0, 19], [6, 0, 0, 17], [6, 0, 0, 12], [5, 0, 12, 9], [4, 16, 0, 0], [5, 0, 22, 0], [4, 29, 0, 0], v
[5, 0, 21, 0], [8, 22, 24, 0], [8, 0, 23, 0], [5, 0, 20, 0], [5, 0, 16, 0], [4, 17, 0, 0], [5, 0, 6, 0], [2, 0, 5, 0], [6, 0, 0, 9], [5, 0, 17, 0], v
[9, 0, 0, 21], [5, 0, 21, 19], [6, 0, 0, 15], [5, 0, 14, 0], [5, 0, 9, 0], [5, 15, 17, 0], [7, 16, 0, 0], [7, 22, 0, 0], [4, 20, 0, 0], v
[5, 0, 25, 0], [5, 18, 18, 0], [5, 16, 13, 0], [5, 0, 8, 0], [5, 0, 7, 0], [6, 0, 0, 9], [6, 0, 0, 12], [9, 0, 0, 14], [9, 0, 0, 18], [6, 0, 0, 20], v
[5, 0, 20, 14], [9, 0, 0, 16], [9, 0, 0, 18], [6, 0, 0, 11], [6, 0, 0, 9], [5, 0, 5, 0], [5, 0, 8, 0], [5, 14, 11, 0], [8, 14, 14, 0], [8, 16, 18, 0], [8, 24, 20, 0], [7, 26, 0, 0], [5, 0, 21, 0], [8, 0, 20, 0], v
[5, 0, 22, 0], [5, 0, 25, 0], [5, 0, 24, 0], [5, 0, 23, 0], [5, 0, 17, 0], v
[6, 0, 0, 16], [9, 0, 0, 18], [9, 0, 0, 23], v
[9, 0, 0, 16], [9, 0, 0, 18], [6, 0, 0, 17], [6, 0, 0, 10], [5, 0, 7, 0], [5, 0, 11, 0], [8, 16, 16, 0], [8, 0, 21, 0], [8, 0, 23, 0], [4, 29, 0, 0], [5, 0, 21, 0], v
[5, 0, 21, 0], [8, 25, 24, 0], [5, 19, 17, 0], [7, 19, 0, 0], [5, 0, 5, 0], [5, 0, 6, 0], [6, 0, 0, 10], [6, 0, 0, 12], [9, 0, 0, 19], [6, 0, 0, 20], [9, 0, 0, 18], [9, 0, 0, 23], [6, 0, 0, 12], v
[8, 0, 21, 0], [5, 0, 13, 0], [5, 0, 11, 0], [5, 0, 7, 0], [6, 0, 0, 10], [5, 0, 18, 18], [6, 0, 0, 18], [9, 0, 0, 19], [6, 0, 0, 14], [9, 0, 0, 15], v
[6, 0, 0, 16], [9, 0, 0, 18], [9, 0, 0, 17], [9, 0, 0, 16], [6, 0, 0, 11], [5, 19, 17, 0], [8, 21, 18, 0], [8, 0, 20, 0], [5, 0, 21, 0], v
[8, 0, 19, 0], [5, 0, 22, 0], [5, 0, 14, 0], [5, 0, 11, 0], [6, 0, 0, 10], v
[6, 0, 0, 10], [5, 0, 7, 0], [5, 0, 7, 0], [5, 0, 11, 0], [8, 0, 17, 0], v
[6, 0, 0, 16], [6, 0, 0, 18], v
[6, 0, 0, 18], [6, 0, 0, 13], [6, 0, 0, 11], [6, 0, 0, 8], [5, 0, 5, 0], [2, 0, 5, 0], [2, 0, 5, 0], [5, 0, 10, 0], [8, 0, 17, 0], [8, 18, 20, 0], [8, 26, 22, 0], [8, 25, 24, 0], [8, 24, 25, 0], [8, 23, 29, 0], [5, 24, 21, 0], v
[8, 21, 21, 0], [8, 0, 19, 0], [8, 25, 19, 0], [8, 0, 18, 0], [8, 16, 18, 0], [5, 0, 6, 0], [2, 0, 4, 0], [5, 0, 7, 0], [6, 0, 0, 15], [6, 0, 0, 11], [9, 0, 0, 20], [6, 0, 0, 16], [9, 0, 0, 20], [9, 0, 0, 19], [9, 0, 0, 18], [9, 0, 0, 22], v
[9, 0, 0, 16], [6, 0, 0, 13], [6, 0, 0, 12], [6, 0, 0, 10], [6, 0, 0, 11], [5, 0, 8, 0], [8, 0, 13, 0], [5, 0, 21, 0], v
[8, 0, 16, 0], [8, 0, 16, 0], [4, 19, 0, 0], [5, 0, 12, 0], [5, 0, 8, 0], [5, 0, 8, 0], [6, 0, 0, 11], [6, 0, 0, 10], [9, 0, 0, 16], [6, 0, 0, 18], [9, 0, 0, 17], [9, 0, 0, 16], v
[6, 0, 0, 11], [9, 0, 0, 16], [9, 0, 0, 16], [9, 0, 0, 16], [6, 0, 0, 13], [6, 0, 0, 7], [5, 0, 8, 0], [8, 0, 13, 0], v
[5, 0, 16, 0], [5, 0, 11, 0], [5, 0, 7, 0], [5, 0, 10, 0], [6, 0, 0, 14], [9, 0, 0, 22], [6, 0, 0, 19], v
[6, 0, 0, 17], [9, 0, 0, 17], [6, 0, 0, 16], [6, 0, 0, 9], [5, 0, 8, 0], [8, 0, 13, 0], [8, 0, 19, 0], [5, 0, 24, 0], v
[8, 0, 21, 0], [8, 0, 24, 0], [5, 22, 21, 0], [5, 0, 13, 0], [5, 0, 8, 0], [5, 0, 6, 0], [6, 0, 0, 6], [6, 0, 0, 10], [9, 0, 0, 14], [9, 0, 0, 23], [9, 0, 0, 25], [6, 0, 0, 20], [9, 0, 0, 20], v
[9, 0, 0, 13], [9, 0, 0, 16], [6, 0, 0, 12], [6, 0, 0, 10], [6, 0, 0, 7], [5, 0, 5, 0], [5, 0, 10, 0], [8, 0, 16, 0], [8, 22, 21, 0], [8, 0, 27, 0], [8, 24, 27, 0], v
[8, 21, 27, 0], [5, 0, 20, 0], [5, 21, 14, 0], [5, 0, 11, 0], [5, 0, 7, 0], [5, 0, 6, 0], [6, 0, 0, 6], [6, 0, 0, 8], [9, 0, 0, 14], v
[9, 0, 0, 17], [9, 0, 0, 17], [6, 0, 0, 14], [9, 0, 0, 16], [6, 0, 0, 11], [5, 0, 14, 0], v
[5, 0, 12, 0], [5, 0, 8, 0], [6, 0, 0, 13], v
[6, 0, 0, 18], [9, 0, 0, 19], [9, 0, 0, 26], [6, 0, 0, 18], [6, 0, 0, 15], [6, 0, 0, 10], [5, 0, 5, 0], [2, 0, 5, 0], [5, 19, 20, 0], [7, 21, 0, 0], [5, 25, 24, 0], [8, 0, 25, 0], [8, 25, 23, 0], [8, 0, 22, 0], v
[8, 0, 21, 0], [8, 0, 19, 0], [5, 0, 11, 0], [2, 0, 5, 0], [2, 0, 5, 0], [6, 0, 0, 11], [6, 0, 0, 11], [9, 0, 0, 14], [9, 0, 0, 21], [6, 0, 0, 27], [6, 0, 0, 23], [6, 0, 0, 19], v
[6, 0, 0, 18], [9, 0, 0, 19], [6, 0, 0, 11], [9, 0, 0, 13], [5, 0, 10, 0], [5, 0, 8, 0], [4, 15, 0, 0], [5, 16, 18, 0], [8, 20, 23, 0], [8, 26, 28, 0], [5, 24, 25, 0], [8, 29, 27, 0], [5, 0, 24, 0], v
[5, 0, 19, 0], [5, 19, 17, 0], [5, 16, 11, 0], [5, 0, 7, 0], [2, 0, 5, 0], [5, 0, 6, 9], [6, 0, 0, 10], [9, 0, 0, 13], [6, 0, 0, 22], [9, 0, 0, 21], v
[9, 0, 0, 20], [6, 0, 0, 19], [9, 0, 0, 19], [6, 0, 0, 14], [6, 0, 0, 10], [6, 0, 0, 8], [5, 0, 8, 0], [8, 0, 13, 0], [5, 0, 26, 0], [5, 0, 29, 0], v
[5, 0, 23, 0], [8, 0, 24, 0], [5, 20, 16, 0], [5, 0, 11, 0], [5, 0, 8, 0], [5, 0, 6, 0], [6, 0, 0, 8], [6, 0, 0, 12], [9, 0, 0, 17], [9, 0, 0, 20], [6, 0, 0, 25], v
[6, 0, 0, 26], [9, 0, 0, 26], [6, 0, 0, 16], [6, 0, 0, 10], [6, 0, 0, 7], [5, 0, 14, 0], [4, 18, 0, 0], [5, 0, 18, 0], [8, 0, 24, 0], [8, 0, 23, 0], [8, 21, 29, 0], [5, 24, 24, 0], v
[5, 0, 24, 0], [5, 27, 20, 0], [5, 0, 12, 0], [5, 0, 7, 0], [2, 0, 4, 0], [2, 0, 5, 0], [6, 0, 0, 13], [9, 0, 0, 22], [9, 0, 0, 21], [9, 0, 0, 24], [6, 0, 0, 24], [6, 0, 0, 18], [9, 0, 0, 16], v
[6, 0, 0, 20], [9, 0, 0, 19], [9, 0, 0, 17], [6, 0, 0, 12], [9, 0, 0, 13], [6, 0, 0, 9], [5, 0, 10, 0], [8, 0, 14, 0], [8, 0, 24, 0], [8, 0, 28, 0], [5, 0, 22, 0], [8, 0, 26, 0], [5, 0, 19, 0], [8, 0, 18, 0], [4, 16, 0, 0], v
[5, 0, 23, 0], [8, 24, 24, 0], [7, 24, 0, 0], [5, 0, 21, 0], [5, 19, 15, 0], [5, 0, 11, 0], [2, 0, 5, 0], [5, 0, 8, 0], [6, 0, 0, 15], [6, 0, 0, 24], v
