[6, 0, 0, 8], caret
[3, 0, 0, 3], [6, 0, 0, 8], [6, 0, 0, 11], [9, 0, 0, 15], [5, 0, 23, 18], [8, 0, 23, 0], [6, 0, 0, 23], [5, 0, 21, 20], [5, 0, 16, 0], [5, 0, 13, 0], [4, 13, 0, 0], [4, 11, 0, 0], [4, 8, 0, 0], [4, 10, 0, 0], caret
[4, 7, 0, 0], [5, 13, 12, 0], [8, 0, 14, 0], [8, 0, 17, 0], [8, 0, 21, 0], [8, 0, 21, 18], [8, 0, 26, 24], [5, 27, 18, 0], [8, 0, 16, 14], [6, 0, 0, 9], [6, 0, 0, 5], [3, 0, 0, 4], [6, 0, 0, 6], caret
[3, 0, 0, 3], [3, 0, 0, 5], [6, 0, 0, 7], [9, 0, 0, 13], [5, 0, 17, 20], [8, 0, 21, 0], [8, 0, 21, 17], [8, 0, 22, 21], [6, 0, 0, 18], [5, 0, 11, 0], [4, 6, 0, 0], [4, 7, 0, 0], caret
[4, 7, 0, 0], [4, 8, 0, 0], [5, 0, 13, 0], [8, 0, 18, 0], [8, 0, 18, 0], [4, 21, 0, 0], [5, 20, 20, 0], [5, 0, 16, 0], [8, 0, 15, 16], [6, 0, 0, 9], [6, 0, 0, 7], [6, 0, 0, 7], caret
[6, 0, 0, 7], [5, 0, 17, 0], [8, 0, 24, 0], [8, 0, 26, 0], [8, 0, 29, 0], [5, 0, 23, 0], [8, 0, 21, 0], [4, 21, 0, 0], [5, 0, 11, 0], [4, 7, 0, 0], [1, 5, 0, 0], [4, 7, 0, 0], caret
[1, 5, 0, 0], [4, 6, 0, 0], [4, 9, 0, 0], [5, 16, 21, 0], [5, 0, 22, 0], [8, 0, 22, 0], [8, 0, 20, 0], [8, 0, 18, 0], [5, 0, 13, 0], [6, 0, 0, 9], [3, 0, 0, 4], [3, 0, 0, 5], [3, 0, 0, 5], caret
[3, 0, 0, 4], [6, 0, 0, 6], [6, 0, 0, 10], [5, 0, 12, 16], [8, 0, 17, 0], [8, 0, 18, 0], [8, 0, 23, 0], [8, 24, 21, 0], [8, 20, 19, 0], [5, 0, 16, 0], [5, 13, 12, 0], [5, 12, 9, 0], [4, 8, 0, 0], [4, 7, 0, 0], [4, 10, 0, 0], caret
[5, 10, 11, 0], [8, 13, 15, 0], [8, 13, 17, 0], [7, 21, 0, 0], [5, 0, 22, 0], [8, 20, 20, 0], [5, 17, 15, 17], [5, 18, 12, 11], [6, 0, 0, 4], [3, 0, 0, 4], [3, 0, 0, 4], caret
[6, 0, 0, 8], [5, 0, 18, 18], [8, 0, 16, 20], [8, 0, 20, 0], [8, 0, 20, 0], [8, 0, 19, 0], [8, 21, 19, 0], [5, 18, 14, 0], [5, 11, 11, 0], [5, 6, 11, 0], [4, 7, 0, 0], [4, 6, 0, 0], [4, 7, 0, 0], [4, 8, 0, 0], caret
[5, 0, 10, 0], [8, 8, 13, 0], [8, 13, 14, 0], [8, 18, 18, 0], [8, 19, 22, 0], [8, 19, 22, 0], [5, 21, 17, 0], [8, 0, 19, 0], [5, 16, 11, 0], [6, 0, 0, 6], [6, 0, 0, 8], [6, 0, 0, 4], caret
[3, 0, 0, 5], [3, 0, 0, 4], [3, 0, 0, 4], [6, 0, 0, 6], [9, 0, 0, 13], [5, 0, 12, 0], [8, 0, 17, 0], [8, 21, 19, 0], [7, 22, 0, 0], [5, 22, 21, 0], [7, 22, 0, 0], [5, 18, 16, 0], [8, 13, 14, 0], [4, 8, 0, 0], [4, 9, 0, 0], [4, 8, 0, 0], [4, 6, 0, 0], [4, 10, 0, 0], [4, 10, 0, 0], caret
[1, 5, 0, 0], [5, 8, 11, 0], [8, 6, 13, 0], [8, 11, 17, 0], [5, 17, 22, 0], [5, 0, 19, 0], [5, 15, 14, 0], [5, 13, 10, 0], [6, 0, 0, 5], [3, 0, 0, 5], [3, 0, 0, 4], [3, 0, 0, 5], caret
[3, 0, 0, 4], [6, 0, 0, 9], [5, 0, 10, 0], [5, 0, 12, 0], [8, 0, 18, 0], [8, 0, 19, 0], [8, 0, 18, 0], [5, 15, 18, 0], [5, 0, 13, 0], [4, 8, 0, 0], [4, 8, 0, 0], [1, 5, 0, 0], [4, 7, 0, 0], [4, 10, 0, 0], [4, 7, 0, 0], caret
[1, 5, 0, 0], [4, 6, 0, 0], [4, 10, 0, 0], [7, 14, 0, 0], [7, 15, 0, 0], [7, 17, 0, 0], [5, 18, 21, 0], [8, 20, 20, 0], [8, 18, 21, 0], [5, 14, 14, 0], [5, 0, 10, 8], [3, 0, 0, 5], [3, 0, 0, 5], [6, 0, 0, 6], caret
[6, 0, 0, 8], [9, 0, 0, 14], [5, 0, 13, 17], [8, 0, 15, 21], [8, 0, 18, 27], [8, 0, 19, 0], [5, 0, 16, 0], [4, 15, 0, 0], [4, 11, 0, 0], [1, 5, 0, 0], [1, 5, 0, 0], [4, 6, 0, 0], [4, 6, 0, 0], [4, 6, 0, 0], caret
[4, 7, 0, 0], [4, 7, 0, 0], [1, 5, 0, 0], [4, 5, 0, 0], [4, 8, 0, 0], [5, 9, 17, 0], [7, 20, 0, 0], [5, 15, 17, 0], [8, 18, 18, 0], [8, 18, 18, 0], [7, 20, 0, 0], [5, 0, 15, 0], [8, 15, 13, 0], [5, 14, 9, 10], [6, 0, 0, 7], [6, 0, 0, 7], [6, 0, 0, 6], [6, 0, 0, 7], caret
[3, 0, 0, 4], [3, 0, 0, 5], [6, 0, 0, 8], [9, 0, 0, 15], [5, 0, 15, 18], [8, 0, 21, 0], [8, 0, 20, 0], [8, 23, 19, 0], [8, 0, 20, 0], [5, 26, 17, 0], [8, 14, 15, 0], [8, 10, 13, 0], [4, 9, 0, 0], [4, 6, 0, 0], [4, 6, 0, 0], [4, 5, 0, 0], caret
[4, 10, 0, 0], [1, 3, 0, 0], [1, 5, 0, 0], [4, 8, 0, 0], [4, 12, 0, 0], [7, 19, 0, 0], [5, 0, 27, 0], [4, 24, 0, 0], [5, 23, 27, 0], [5, 28, 20, 0], [8, 17, 18, 0], [5, 0, 12, 11], [5, 0, 10, 6], [3, 0, 0, 5], [6, 0, 0, 7], [6, 0, 0, 9], [6, 0, 0, 8], caret
[3, 0, 0, 5], [6, 0, 0, 9], [6, 0, 0, 11], [5, 0, 16, 19], [8, 28, 20, 23], [8, 0, 27, 25], [5, 0, 24, 0], [8, 23, 23, 0], [5, 0, 18, 0], [4, 13, 0, 0], [4, 12, 0, 0], [4, 8, 0, 0], [4, 6, 0, 0], [1, 4, 0, 0], caret
[1, 5, 0, 0], [5, 5, 14, 0], [4, 8, 0, 0], [5, 9, 16, 0], [8, 18, 22, 0], [8, 21, 20, 0], [8, 18, 25, 0], [5, 21, 21, 0], [4, 17, 0, 0], [5, 13, 16, 0], [5, 14, 12, 0], [6, 0, 0, 4], [6, 0, 0, 8], caret
[6, 0, 0, 8], [5, 0, 14, 16], [8, 0, 16, 20], [8, 0, 21, 0], [6, 0, 0, 26], [5, 28, 23, 0], [5, 0, 20, 0], [8, 21, 19, 0], [4, 17, 0, 0], [5, 12, 14, 0], [4, 7, 0, 0], [4, 8, 0, 0], [4, 6, 0, 0], [7, 14, 0, 0], [4, 11, 0, 0], caret
[4, 7, 0, 0], [1, 3, 0, 0], [1, 5, 0, 0], [4, 8, 0, 0], [4, 8, 0, 0], [5, 11, 19, 0], [7, 17, 0, 0], [4, 18, 0, 0], [5, 23, 20, 0], [8, 27, 20, 0], [5, 27, 17, 0], [5, 23, 13, 0], [8, 0, 13, 7], [6, 0, 0, 7], [3, 0, 0, 5], [3, 0, 0, 4], caret
[6, 0, 0, 8], [6, 0, 0, 12], [5, 0, 15, 17], [8, 0, 17, 19], [8, 20, 18, 0], [8, 0, 25, 0], [8, 0, 23, 0], [5, 20, 20, 0], [7, 20, 0, 0], [5, 14, 18, 0], [4, 10, 0, 0], [4, 6, 0, 0], [4, 7, 0, 0], [4, 7, 0, 0], [1, 5, 0, 0], [4, 6, 0, 0], [4, 8, 0, 0], caret
[1, 5, 0, 0], [4, 8, 0, 0], [4, 10, 0, 0], [7, 14, 0, 0], [7, 20, 0, 0], [7, 21, 0, 0], [5, 23, 19, 0], [5, 15, 15, 0], [5, 0, 11, 0], [6, 0, 0, 5], [3, 0, 0, 4], [3, 0, 0, 5], [6, 0, 0, 6], [6, 0, 0, 11], caret
, caret
[6, 0, 0, 7], caret
[3, 0, 0, 5], caret
[3, 0, 0, 4], caret
[3, 0, 0, 5], [6, 0, 0, 8], [6, 0, 0, 11], [5, 0, 14, 16], [8, 0, 24, 23], [9, 0, 0, 26], [5, 0, 28, 0], [4, 26, 0, 0], [5, 0, 22, 0], [8, 22, 21, 0], [5, 22, 18, 0], [8, 18, 18, 0], [4, 11, 0, 0], [4, 7, 0, 0], [4, 7, 0, 0], [1, 5, 0, 0], [1, 5, 0, 0], [1, 4, 0, 0], caret
[4, 8, 0, 0], [4, 7, 0, 0], [1, 5, 0, 0], [4, 9, 0, 0], [7, 14, 0, 0], [7, 14, 0, 0], [5, 18, 24, 0], [7, 25, 0, 0], [5, 21, 23, 0], [8, 22, 24, 0], [8, 24, 24, 0], [8, 0, 24, 0], [5, 19, 18, 0], [5, 0, 13, 0], [5, 0, 12, 8], [6, 0, 0, 7], [3, 0, 0, 5], [6, 0, 0, 10], [6, 0, 0, 10], caret
[6, 0, 0, 6], [6, 0, 0, 12], [5, 0, 17, 18], [5, 0, 25, 0], [5, 28, 27, 0], [5, 25, 22, 0], [4, 19, 0, 0], [5, 15, 18, 0], [7, 13, 0, 0], [4, 9, 0, 0], [4, 6, 0, 0], [4, 7, 0, 0], [1, 5, 0, 0], [4, 8, 0, 0], [4, 11, 0, 0], [4, 9, 0, 0], [4, 6, 0, 0], [4, 8, 0, 0], caret
[5, 22, 24, 0], [8, 0, 26, 0], [4, 24, 0, 0], [7, 25, 0, 0], [5, 25, 28, 0], [8, 0, 27, 0], [5, 0, 16, 19], [5, 0, 11, 11], [6, 0, 0, 6], [3, 0, 0, 5], [6, 0, 0, 7], [6, 0, 0, 7], [6, 0, 0, 22], [6, 0, 0, 19], [9, 0, 0, 18], [9, 0, 0, 19], [6, 0, 0, 15], [6, 0, 0, 12], [9, 0, 0, 14], [5, 0, 18, 15], [8, 0, 23, 24], caret
, caret
[8, 0, 29, 0], caret
[5, 27, 29, 0], [5, 22, 22, 0], [5, 17, 19, 0], [4, 13, 0, 0], [4, 6, 0, 0], [4, 6, 0, 0], [1, 5, 0, 0], [4, 8, 0, 0], [4, 11, 0, 0], [4, 10, 0, 0], [4, 7, 0, 0], [4, 8, 0, 0], [7, 13, 0, 0], [5, 0, 23, 0], [8, 21, 24, 0], caret
, caret
[7, 26, 0, 0], caret
[7, 30, 0, 0], [5, 0, 27, 0], [8, 26, 26, 24], [6, 0, 0, 19], [5, 0, 17, 14], [5, 0, 14, 10], [8, 0, 14, 9], [8, 0, 15, 9], [6, 0, 0, 10], [6, 0, 0, 15], [6, 0, 0, 8], [6, 0, 0, 8], [5, 0, 14, 0], [6, 0, 0, 21], [5, 0, 22, 0], [8, 0, 26, 0], caret
, caret
[8, 0, 27, 0], caret
[8, 0, 26, 0], [8, 23, 25, 0], [5, 0, 18, 0], [4, 15, 0, 0], [4, 10, 0, 0], [4, 8, 0, 0], [4, 12, 0, 0], [7, 18, 0, 0], [5, 0, 12, 0], [4, 13, 0, 0], [5, 8, 9, 0], [5, 10, 11, 0], [5, 9, 11, 0], [8, 17, 16, 0], [7, 22, 0, 0], [5, 20, 21, 0], [8, 25, 24, 0], [8, 25, 22, 0], [8, 27, 21, 28], [8, 0, 22, 0], caret
[8, 0, 20, 0], [5, 0, 17, 0], [6, 0, 0, 6], [3, 0, 0, 5], [6, 0, 0, 10], [6, 0, 0, 9], [6, 0, 0, 8], [6, 0, 0, 7], [9, 0, 0, 13], [9, 0, 0, 19], [5, 0, 20, 0], [8, 0, 23, 0], [8, 0, 25, 0], [4, 24, 0, 0], [5, 23, 19, 0], [5, 0, 16, 0], [5, 0, 13, 0], caret
, caret
[4, 10, 0, 0], caret
[4, 6, 0, 0], caret
[5, 12, 12, 0], [5, 12, 11, 0], [5, 0, 14, 0], [5, 11, 12, 0], [8, 7, 13, 0], [8, 11, 20, 0], [8, 0, 24, 0], [8, 23, 29, 0], [5, 0, 26, 0], [8, 0, 29, 0], [8, 0, 29, 0], [4, 25, 0, 0], [5, 0, 24, 0], [5, 23, 19, 19], [5, 0, 13, 0], [8, 0, 13, 10], [6, 0, 0, 9], [6, 0, 0, 12], caret
, caret
[6, 0, 0, 11], [6, 0, 0, 8], [6, 0, 0, 11], [9, 0, 0, 13], [5, 0, 22, 23], [8, 0, 24, 0], [8, 0, 27, 0], [5, 0, 27, 0], [8, 0, 26, 0], [8, 24, 24, 0], [5, 20, 19, 0], [5, 14, 15, 0], [4, 11, 0, 0], [7, 13, 0, 0], [4, 9, 0, 0], [4, 9, 0, 0], [5, 11, 14, 0], caret
[7, 14, 0, 0], [4, 11, 0, 0], [4, 7, 0, 0], [4, 12, 0, 0], [5, 12, 21, 0], [7, 21, 0, 0], [7, 23, 0, 0], [5, 0, 28, 0], [8, 27, 27, 0], [4, 24, 0, 0], [5, 0, 18, 0], [5, 24, 13, 0], [5, 0, 11, 9], [6, 0, 0, 8], [9, 0, 0, 13], [6, 0, 0, 12], [6, 0, 0, 9], caret
[5, 0, 13, 14], [5, 0, 21, 0], [8, 28, 26, 0], [5, 26, 26, 0], [5, 0, 23, 0], [5, 16, 17, 0], [4, 10, 0, 0], [4, 6, 0, 0], [4, 6, 0, 0], [4, 6, 0, 0], [4, 7, 0, 0], [4, 12, 0, 0], caret
[4, 7, 0, 0], [4, 9, 0, 0], [4, 8, 0, 0], [7, 16, 0, 0], [5, 16, 20, 0], [5, 21, 23, 0], [7, 23, 0, 0], [5, 23, 23, 0], [5, 19, 20, 0], [5, 17, 14, 16], [5, 0, 10, 11], [6, 0, 0, 6], [6, 0, 0, 6], [6, 0, 0, 8], [9, 0, 0, 14], [6, 0, 0, 15], [9, 0, 0, 15], [9, 0, 0, 13], [9, 0, 0, 13], [6, 0, 0, 10], [6, 0, 0, 8], [6, 0, 0, 7], [6, 0, 0, 7], caret
, caret
[5, 0, 19, 0], [8, 0, 24, 0], [8, 0, 24, 0], [8, 21, 24, 0], [5, 0, 19, 0], [4, 18, 0, 0], [4, 11, 0, 0], [4, 10, 0, 0], [1, 5, 0, 0], [1, 5, 0, 0], [4, 16, 0, 0], [7, 16, 0, 0], [5, 13, 20, 0], [5, 28, 16, 0], [8, 15, 20, 0], [7, 17, 0, 0], [5, 20, 25, 0], caret
, caret
[8, 0, 24, 0], caret
[8, 21, 24, 0], [8, 19, 22, 0], [5, 18, 13, 14], [6, 0, 0, 9], [5, 0, 13, 8], [6, 0, 0, 8], [6, 0, 0, 10], [9, 0, 0, 13], [6, 0, 0, 13], [6, 0, 0, 10], [9, 0, 0, 13], [5, 0, 17, 0], [5, 0, 24, 25], [8, 0, 22, 0], [6, 0, 0, 25], caret
[5, 18, 18, 0], [5, 13, 15, 0], [4, 8, 0, 0], [4, 7, 0, 0], [4, 10, 0, 0], [4, 10, 0, 0], [4, 10, 0, 0], [6, 0, 0, 13], [4, 11, 0, 0], [4, 10, 0, 0], caret
, caret
[5, 11, 16, 0], [4, 11, 0, 0], [5, 15, 21, 0], [8, 0, 26, 0], [4, 22, 0, 0], [5, 21, 21, 0], [7, 19, 0, 0], [5, 0, 15, 0], [5, 15, 8, 10], [5, 0, 11, 6], [6, 0, 0, 6], [6, 0, 0, 9], [6, 0, 0, 6], [6, 0, 0, 8], [5, 0, 14, 14], [8, 0, 13, 0], caret
, caret
[8, 0, 21, 0], caret
[8, 24, 27, 0], [8, 0, 27, 0], [5, 0, 22, 0], [8, 21, 28, 0], [5, 20, 20, 0], [5, 14, 16, 0], [4, 10, 0, 0], [4, 7, 0, 0], [4, 6, 0, 0], [4, 9, 0, 0], caret
[3, 0, 0, 5], [6, 0, 0, 8], [5, 0, 12, 0], [8, 0, 13, 18], [8, 0, 16, 25], [8, 20, 19, 0], [7, 24, 0, 0], [5, 0, 21, 0], [5, 15, 17, 0], [4, 11, 0, 0], [4, 7, 0, 0], [4, 9, 0, 0], [1, 5, 0, 0], caret
[5, 5, 11, 0], [8, 7, 16, 0], [8, 11, 18, 0], [8, 14, 18, 0], [5, 21, 25, 0], [8, 21, 25, 0], [5, 18, 18, 0], [8, 16, 16, 0], [5, 0, 9, 15], [6, 0, 0, 7], [5, 0, 10, 6], [6, 0, 0, 8], [6, 0, 0, 7], [6, 0, 0, 6], caret
[6, 0, 0, 7], [3, 0, 0, 5], [5, 0, 11, 0], [8, 0, 17, 15], [8, 0, 26, 0], [5, 0, 19, 0], [4, 22, 0, 0], [5, 17, 19, 0], [5, 13, 14, 0], [4, 11, 0, 0], [4, 7, 0, 0], [4, 6, 0, 0], [4, 6, 0, 0], caret
[1, 4, 0, 0], [1, 4, 0, 0], [4, 11, 0, 0], [7, 15, 0, 0], [5, 16, 18, 0], [8, 19, 17, 0], [8, 18, 21, 0], [5, 15, 13, 0], [5, 11, 8, 0], [5, 11, 9, 10], [2, 0, 5, 6], [3, 0, 0, 5], [3, 0, 0, 5], [6, 0, 0, 7], [6, 0, 0, 7], [6, 0, 0, 4], caret
, caret
[3, 0, 0, 4], caret
[3, 0, 0, 4], [3, 0, 0, 5], [9, 0, 0, 13], [5, 0, 13, 13], [8, 0, 16, 0], [8, 0, 19, 20], [5, 0, 24, 0], [5, 0, 21, 0], [8, 0, 20, 0], [8, 16, 18, 0], [8, 10, 19, 0], [4, 10, 0, 0], [1, 5, 0, 0], [4, 10, 0, 0], [5, 0, 10, 0], caret
[5, 6, 8, 0], [4, 8, 0, 0], [5, 7, 16, 0], [8, 11, 20, 0], [8, 14, 18, 0], [7, 15, 0, 0], [7, 16, 0, 0], [5, 16, 16, 0], [5, 13, 12, 0], [5, 0, 10, 0], [6, 0, 0, 4], [3, 0, 0, 3], [6, 0, 0, 7], caret
[6, 0, 0, 8], [3, 0, 0, 5], [6, 0, 0, 6], [5, 0, 13, 11], [9, 0, 0, 21], [5, 0, 18, 19], [8, 0, 22, 23], [8, 0, 23, 0], [8, 24, 29, 0], [5, 21, 19, 0], [8, 24, 18, 0], [5, 10, 15, 0], [4, 8, 0, 0], [4, 7, 0, 0], [1, 5, 0, 0], [4, 9, 0, 0], [4, 8, 0, 0], caret
[4, 12, 0, 0], [5, 9, 13, 0], [4, 7, 0, 0], [4, 9, 0, 0], [5, 13, 19, 0], [8, 17, 21, 0], [8, 21, 23, 0], [7, 24, 0, 0], [5, 0, 27, 0], [8, 27, 25, 0], [8, 25, 24, 0], [8, 26, 24, 0], [5, 0, 20, 16], [5, 0, 16, 13], [5, 0, 10, 8], [5, 0, 10, 7], [5, 0, 11, 8], [6, 0, 0, 12], [9, 0, 0, 16], caret
[6, 0, 0, 8], [5, 0, 16, 16], [8, 0, 18, 0], [4, 23, 0, 0], [5, 22, 22, 0], [8, 21, 21, 0], [8, 26, 19, 0], [8, 19, 22, 0], [5, 17, 16, 0], [4, 11, 0, 0], [4, 10, 0, 0], [4, 7, 0, 0], caret
[1, 5, 0, 0], [5, 7, 12, 0], [8, 12, 18, 0], [8, 10, 21, 0], [8, 0, 20, 0], [4, 17, 0, 0], [7, 18, 0, 0], [5, 19, 23, 0], [5, 19, 20, 0], [5, 17, 17, 0], [5, 15, 10, 0], [5, 0, 9, 0], [6, 0, 0, 9], caret
[6, 0, 0, 7], [6, 0, 0, 9], [5, 0, 13, 13], [5, 0, 18, 0], [8, 0, 22, 0], [5, 21, 18, 0], [8, 0, 17, 0], [8, 15, 18, 0], [5, 14, 13, 0], [4, 8, 0, 0], [1, 5, 0, 0], [1, 5, 0, 0], [1, 5, 0, 0], caret
[5, 0, 7, 0], [5, 8, 11, 0], [8, 9, 14, 0], [7, 14, 0, 0], [5, 21, 21, 0], [7, 19, 0, 0], [7, 21, 0, 0], [7, 20, 0, 0], [5, 17, 18, 0], [5, 16, 13, 0], [5, 0, 11, 7], [3, 0, 0, 5], [3, 0, 0, 5], [3, 0, 0, 5], [6, 0, 0, 11], caret
[6, 0, 0, 6], [6, 0, 0, 7], [5, 0, 15, 20], [8, 0, 19, 0], [4, 29, 0, 0], [5, 24, 25, 0], [5, 20, 21, 0], [5, 18, 18, 0], [5, 13, 15, 0], [4, 11, 0, 0], [4, 7, 0, 0], [1, 5, 0, 0], [4, 6, 0, 0], [4, 12, 0, 0], caret
[5, 6, 11, 0], [4, 7, 0, 0], [5, 0, 18, 0], [8, 20, 20, 0], [8, 20, 20, 0], [8, 18, 22, 0], [5, 0, 14, 0], [5, 15, 11, 11], [5, 0, 9, 7], [3, 0, 0, 5], [6, 0, 0, 7], [6, 0, 0, 11], [6, 0, 0, 5], [3, 0, 0, 4], caret
, caret
[6, 0, 0, 11], caret
[5, 0, 11, 0], [8, 0, 16, 0], [8, 19, 17, 0], [8, 0, 26, 0], [5, 0, 19, 0], [8, 20, 19, 0], [8, 0, 17, 0], [4, 19, 0, 0], [4, 9, 0, 0], [4, 6, 0, 0], [4, 6, 0, 0], [4, 6, 0, 0], [4, 9, 0, 0], caret
[1, 5, 0, 0], [5, 5, 8, 0], [5, 5, 10, 0], [1, 5, 0, 0], [5, 8, 18, 0], [5, 17, 14, 0], [8, 15, 14, 0], [7, 13, 0, 0], [5, 10, 12, 0], [5, 0, 8, 10], [3, 0, 0, 5], [3, 0, 0, 4], [6, 0, 0, 6], caret
[3, 0, 0, 4], [6, 0, 0, 7], [9, 0, 0, 13], [5, 0, 15, 0], [8, 0, 15, 0], [5, 0, 27, 0], [5, 21, 22, 0], [7, 19, 0, 0], [4, 12, 0, 0], [4, 11, 0, 0], [4, 10, 0, 0], [4, 9, 0, 0], caret
[5, 5, 9, 0], [5, 0, 11, 0], [8, 0, 19, 0], [5, 0, 21, 0], [4, 20, 0, 0], [7, 23, 0, 0], [6, 0, 0, 14], [9, 0, 0, 13], [6, 0, 0, 12], caret
[6, 0, 0, 10], [9, 0, 0, 13], [5, 0, 25, 0], [6, 0, 0, 23], [5, 0, 20, 0], [5, 0, 13, 0], [4, 11, 0, 0], [4, 9, 0, 0], [4, 12, 0, 0], caret
[5, 0, 15, 0], [8, 18, 17, 0], [5, 0, 24, 0], [6, 0, 0, 23], [5, 0, 23, 0], [5, 0, 19, 15], [5, 0, 16, 12], [6, 0, 0, 6], [3, 0, 0, 5], [6, 0, 0, 7], caret
[6, 0, 0, 6], [6, 0, 0, 8], [6, 0, 0, 9], [6, 0, 0, 11], [9, 0, 0, 14], [9, 0, 0, 16], [9, 0, 0, 16], [5, 0, 19, 18], [8, 0, 19, 0], [5, 0, 12, 0], [4, 12, 0, 0], [4, 7, 0, 0], [4, 10, 0, 0], caret
[9, 0, 0, 13], [6, 0, 0, 9], [3, 0, 0, 5], [3, 0, 0, 5], [6, 0, 0, 10], [5, 0, 17, 11], [8, 0, 22, 0], [6, 0, 0, 20], [5, 0, 21, 0], [5, 22, 16, 0], [4, 10, 0, 0], [4, 8, 0, 0], [4, 10, 0, 0], caret
[9, 0, 0, 13], [6, 0, 0, 10], [9, 0, 0, 15], [6, 0, 0, 21], [5, 0, 25, 0], [5, 0, 19, 20], [8, 0, 17, 18], [5, 20, 13, 0], [4, 9, 0, 0], [4, 7, 0, 0], [5, 9, 12, 0], caret
[4, 8, 0, 0], [6, 0, 0, 19], [9, 0, 0, 18], [9, 0, 0, 18], [9, 0, 0, 18], [6, 0, 0, 6], [3, 0, 0, 5], [6, 0, 0, 6], [9, 0, 0, 13], caret
[1, 5, 0, 0], [4, 7, 0, 0], [4, 11, 0, 0], [6, 0, 0, 17], [9, 0, 0, 17], [5, 0, 21, 0], [5, 0, 17, 12], [6, 0, 0, 7], [3, 0, 0, 4], [3, 0, 0, 5], [6, 0, 0, 8], caret
[4, 8, 0, 0], [5, 11, 10, 0], [7, 17, 0, 0], [6, 0, 0, 27], [5, 0, 24, 18], [5, 0, 18, 11], [6, 0, 0, 6], [3, 0, 0, 4], [6, 0, 0, 7], caret
[3, 0, 0, 5], [6, 0, 0, 8], [6, 0, 0, 8], [6, 0, 0, 10], [6, 0, 0, 16], [9, 0, 0, 19], [9, 0, 0, 17], [5, 0, 19, 14], [5, 0, 12, 0], [4, 8, 0, 0], [4, 6, 0, 0], [4, 5, 0, 0], [1, 5, 0, 0], caret
[5, 0, 19, 0], [8, 0, 21, 0], [8, 0, 22, 0], [6, 0, 0, 11], [6, 0, 0, 9], [6, 0, 0, 9], [3, 0, 0, 5], [9, 0, 0, 21], [6, 0, 0, 13], [6, 0, 0, 7], [6, 0, 0, 6], caret
, caret
[9, 0, 0, 17], caret
[6, 0, 0, 14], caret
[9, 0, 0, 18], caret
[5, 0, 21, 23], [6, 0, 0, 19], [5, 0, 18, 17], [8, 0, 18, 0], [4, 14, 0, 0], [7, 13, 0, 0], [4, 6, 0, 0], caret
[4, 6, 0, 0], [4, 11, 0, 0], [5, 0, 16, 0], [6, 0, 0, 22], [6, 0, 0, 17], [5, 0, 19, 13], [6, 0, 0, 7], [6, 0, 0, 6], [3, 0, 0, 5], [6, 0, 0, 7], [6, 0, 0, 8], [6, 0, 0, 8], [6, 0, 0, 6], caret
, caret
[3, 0, 0, 4], caret
[9, 0, 0, 19], caret
[6, 0, 0, 15], caret
[9, 0, 0, 14], caret
[6, 0, 0, 18], [6, 0, 0, 21], [5, 20, 16, 0], [4, 10, 0, 0], [4, 7, 0, 0], [4, 8, 0, 0], [4, 8, 0, 0], [7, 14, 0, 0], caret
[4, 7, 0, 0], [5, 14, 14, 0], [8, 18, 16, 0], [8, 0, 17, 22], [8, 0, 21, 0], [8, 0, 24, 21], [5, 0, 21, 0], [5, 0, 17, 0], [6, 0, 0, 7], [3, 0, 0, 5], [3, 0, 0, 4], [3, 0, 0, 5], [6, 0, 0, 6], [9, 0, 0, 13], caret
[6, 0, 0, 8], [3, 0, 0, 5], [6, 0, 0, 10], [6, 0, 0, 16], [9, 0, 0, 20], [9, 0, 0, 19], [9, 0, 0, 20], [4, 20, 0, 0], [4, 14, 0, 0], [4, 9, 0, 0], [4, 8, 0, 0], [4, 7, 0, 0], [4, 9, 0, 0], caret
[5, 11, 14, 0], [8, 12, 14, 0], [5, 0, 21, 17], [6, 0, 0, 16], [9, 0, 0, 14], [5, 0, 17, 12], [6, 0, 0, 8], [6, 0, 0, 7], [6, 0, 0, 7], [6, 0, 0, 10], caret
[6, 0, 0, 6], [6, 0, 0, 8], [6, 0, 0, 11], [5, 0, 19, 15], [9, 0, 0, 14], [9, 0, 0, 17], [9, 0, 0, 19], [9, 0, 0, 19], [5, 0, 15, 0], [4, 18, 0, 0], [4, 7, 0, 0], [4, 7, 0, 0], caret
[4, 8, 0, 0], [4, 12, 0, 0], [7, 18, 0, 0], [5, 0, 20, 0], [6, 0, 0, 17], [6, 0, 0, 14], [6, 0, 0, 12], [6, 0, 0, 7], [3, 0, 0, 5], [6, 0, 0, 6], [6, 0, 0, 6], caret
[6, 0, 0, 9], [9, 0, 0, 17], [9, 0, 0, 16], [9, 0, 0, 19], [9, 0, 0, 19], [9, 0, 0, 19], [9, 0, 0, 20], [5, 15, 12, 0], [4, 7, 0, 0], [1, 5, 0, 0], caret
[4, 8, 0, 0], [4, 6, 0, 0], [4, 10, 0, 0], [5, 0, 19, 0], [6, 0, 0, 19], [5, 0, 18, 12], [6, 0, 0, 6], [6, 0, 0, 7], [6, 0, 0, 11], caret
[6, 0, 0, 7], [3, 0, 0, 4], [6, 0, 0, 6], [6, 0, 0, 11], [6, 0, 0, 22], [9, 0, 0, 23], [5, 0, 11, 0], caret
[5, 0, 20, 17], [6, 0, 0, 5], [6, 0, 0, 11], [6, 0, 0, 7], caret
, caret
[9, 0, 0, 14], caret
[6, 0, 0, 19], [5, 0, 15, 0], caret
[4, 11, 0, 0], [5, 0, 11, 0], [8, 0, 16, 0], [4, 21, 0, 0], [5, 0, 25, 0], [6, 0, 0, 12], [6, 0, 0, 7], [3, 0, 0, 5], [3, 0, 0, 5], [3, 0, 0, 5], [6, 0, 0, 8], caret
[3, 0, 0, 4], [6, 0, 0, 12], [6, 0, 0, 22], [9, 0, 0, 20], [6, 0, 0, 19], [5, 0, 23, 0], [5, 0, 17, 0], [5, 0, 14, 0], [4, 8, 0, 0], [4, 11, 0, 0], caret
, caret
[1, 5, 0, 0], caret
[1, 5, 0, 0], caret
[4, 9, 0, 0], caret
[4, 11, 0, 0], caret
[7, 14, 0, 0], caret
[5, 18, 17, 0], [5, 0, 23, 0], [5, 0, 19, 0], [5, 0, 15, 0], [6, 0, 0, 8], [3, 0, 0, 5], [6, 0, 0, 6], caret
[3, 0, 0, 5], [6, 0, 0, 8], [6, 0, 0, 10], [9, 0, 0, 16], [9, 0, 0, 19], [9, 0, 0, 19], [6, 0, 0, 22], [5, 0, 22, 0], [8, 0, 22, 18], [5, 0, 18, 0], [5, 16, 11, 0], [4, 5, 0, 0], [4, 7, 0, 0], caret
[8, 17, 19, 0], [5, 0, 24, 0], [5, 0, 20, 0], [6, 0, 0, 9], caret
[3, 0, 0, 5], [6, 0, 0, 11], [9, 0, 0, 15], [9, 0, 0, 20], [6, 0, 0, 17], [5, 18, 13, 0], [4, 10, 0, 0], [4, 7, 0, 0], [4, 8, 0, 0], [4, 10, 0, 0], [4, 12, 0, 0], caret
[7, 13, 0, 0], [5, 0, 24, 0], [5, 0, 19, 0], [6, 0, 0, 14], [6, 0, 0, 11], caret
, caret
[6, 0, 0, 8], caret
[6, 0, 0, 6], [6, 0, 0, 7], [6, 0, 0, 12], [6, 0, 0, 24], [6, 0, 0, 25], [5, 0, 28, 0], [5, 0, 22, 0], [5, 0, 16, 0], [8, 15, 16, 0], [4, 10, 0, 0], [4, 10, 0, 0], [5, 21, 17, 0], caret
[5, 0, 20, 0], [5, 16, 15, 0], [5, 23, 20, 0], [8, 27, 22, 0], [8, 28, 27, 0], [8, 0, 26, 0], [8, 0, 28, 26], [6, 0, 0, 23], [5, 0, 20, 15], [6, 0, 0, 10], [6, 0, 0, 9], [6, 0, 0, 11], [9, 0, 0, 17], [9, 0, 0, 18], caret
[6, 0, 0, 13], [9, 0, 0, 14], [5, 0, 23, 0], [8, 0, 24, 0], [8, 0, 30, 25], [4, 29, 0, 0], [5, 0, 23, 0], [5, 19, 17, 0], [4, 15, 0, 0], [4, 11, 0, 0], [4, 10, 0, 0], caret
[4, 7, 0, 0], [5, 15, 12, 0], [8, 20, 19, 0], [5, 0, 24, 0], [8, 0, 29, 28], [8, 0, 28, 0], [6, 0, 0, 29], [6, 0, 0, 24], [5, 0, 23, 17], [6, 0, 0, 13], [6, 0, 0, 11], [6, 0, 0, 7], [6, 0, 0, 8], [6, 0, 0, 10], [9, 0, 0, 16], caret
[9, 0, 0, 13], [6, 0, 0, 5], [6, 0, 0, 7], [6, 0, 0, 12], [5, 0, 20, 20], [9, 0, 0, 24], [9, 0, 0, 26], [6, 0, 0, 29], [5, 0, 29, 25], [5, 0, 18, 0], [5, 15, 13, 0], [4, 9, 0, 0], [5, 8, 14, 0], caret
[7, 13, 0, 0], [4, 8, 0, 0], [5, 11, 12, 0], [8, 0, 13, 0], [4, 20, 0, 0], [5, 0, 22, 21], [8, 0, 25, 0], [8, 0, 27, 23], [9, 0, 0, 21], [5, 0, 20, 18], [6, 0, 0, 14], [6, 0, 0, 8], caret
[9, 0, 0, 15], [5, 0, 22, 20], [9, 0, 0, 27], [9, 0, 0, 28], [6, 0, 0, 24], [5, 0, 27, 25], [5, 0, 17, 0], [4, 14, 0, 0], [4, 7, 0, 0], caret
[6, 0, 0, 10], [9, 0, 0, 16], [5, 0, 29, 0], [5, 0, 29, 0], [5, 29, 25, 0], [5, 23, 21, 0], caret
[4, 6, 0, 0], [4, 9, 0, 0], [4, 10, 0, 0], [5, 14, 18, 0], [7, 21, 0, 0], [5, 24, 25, 0], [8, 0, 25, 0], [8, 0, 27, 0], [8, 0, 28, 0], [5, 0, 25, 0], [8, 26, 26, 0], [5, 0, 23, 26], [8, 0, 24, 0], caret
[6, 0, 0, 8], [6, 0, 0, 19], [9, 0, 0, 21], [5, 0, 24, 0], [8, 0, 24, 0], [5, 0, 30, 0], [5, 0, 27, 29], [8, 0, 26, 0], [8, 29, 28, 0], [5, 0, 21, 0], [5, 20, 18, 0], [5, 15, 14, 0], [4, 11, 0, 0], [4, 6, 0, 0], caret
[4, 11, 0, 0], [4, 12, 0, 0], [5, 0, 21, 0], [4, 18, 0, 0], [4, 26, 0, 0], [7, 26, 0, 0], [5, 0, 29, 0], [5, 0, 25, 0], [5, 25, 20, 0], [8, 0, 19, 0], caret
[6, 0, 0, 5], [6, 0, 0, 9], [5, 0, 15, 14], [9, 0, 0, 21], [5, 0, 22, 0], [5, 0, 25, 0], [8, 0, 27, 0], [8, 0, 26, 0], [8, 0, 27, 26], [5, 0, 23, 0], [8, 0, 21, 0], [8, 27, 19, 0], [8, 17, 17, 0], [4, 13, 0, 0], [4, 8, 0, 0], caret
[4, 6, 0, 0], [4, 8, 0, 0], [7, 13, 0, 0], [5, 0, 21, 0], [8, 0, 22, 0], [8, 23, 23, 0], [4, 26, 0, 0], [5, 26, 29, 0], [5, 0, 26, 0], [8, 0, 27, 0], [5, 0, 21, 0], [8, 0, 20, 0], [6, 0, 0, 15], [6, 0, 0, 4], caret
[6, 0, 0, 11], [9, 0, 0, 16], [5, 0, 24, 20], [6, 0, 0, 27], [5, 0, 25, 0], [8, 0, 25, 29], [9, 0, 0, 29], [5, 0, 24, 0], [8, 0, 23, 23], [5, 0, 19, 0], [5, 0, 15, 0], [5, 0, 10, 0], caret
[4, 15, 0, 0], [5, 20, 19, 0], [8, 0, 24, 0], [5, 0, 28, 0], [5, 0, 28, 0], [5, 0, 26, 28], [8, 0, 24, 0], caret
[6, 0, 0, 16], [9, 0, 0, 22], caret
[4, 12, 0, 0], [5, 0, 21, 0], [8, 0, 28, 0], [5, 0, 27, 0], [5, 0, 24, 0], [8, 0, 24, 0], [5, 0, 19, 16], [6, 0, 0, 10], caret
[6, 0, 0, 15], [9, 0, 0, 19], [5, 0, 26, 25], [5, 0, 27, 29], [6, 0, 0, 29], [5, 0, 25, 24], [5, 0, 22, 0], [5, 0, 19, 0], [4, 16, 0, 0], [4, 10, 0, 0], caret
[5, 0, 28, 0], [8, 0, 28, 0], [5, 27, 25, 0], [5, 0, 21, 0], caret
[5, 0, 29, 0], [5, 0, 29, 0], [6, 0, 0, 29], [5, 0, 28, 24], caret
[5, 0, 22, 0], [8, 23, 28, 0], [7, 26, 0, 0], [5, 27, 28, 0], [7, 30, 0, 0], [5, 27, 27, 0], [6, 0, 0, 27], [5, 0, 26, 0], [5, 0, 21, 0], caret
[6, 0, 0, 21], [9, 0, 0, 26], [5, 0, 25, 0], [5, 0, 22, 0], [5, 0, 17, 0], caret
[5, 0, 25, 0], [4, 28, 0, 0], [5, 0, 29, 30], [6, 0, 0, 27], caret
[6, 0, 0, 11], [9, 0, 0, 17], [9, 0, 0, 21], [6, 0, 0, 28], caret
[5, 0, 29, 0], [5, 0, 23, 0], [5, 0, 20, 0], caret
[6, 0, 0, 10], [6, 0, 0, 28], [5, 0, 27, 0], [8, 0, 27, 0], [5, 0, 20, 0], [5, 16, 16, 0], [7, 15, 0, 0], caret
[4, 15, 0, 0], [7, 17, 0, 0], [4, 29, 0, 0], [5, 0, 28, 0], [8, 27, 27, 0], [8, 25, 25, 0], [8, 0, 23, 0], caret
[6, 0, 0, 11], [9, 0, 0, 15], [9, 0, 0, 22], [5, 0, 29, 0], [8, 0, 29, 0], [5, 0, 26, 24], [5, 27, 21, 0], caret
[4, 9, 0, 0], [5, 15, 20, 0], [8, 22, 22, 0], [8, 20, 25, 0], [4, 28, 0, 0], [5, 0, 27, 0], caret
[6, 0, 0, 8], [6, 0, 0, 11], [9, 0, 0, 19], [5, 0, 24, 0], [5, 0, 29, 0], [5, 0, 27, 0], [8, 0, 28, 0], caret
[4, 6, 0, 0], [4, 9, 0, 0], [5, 13, 19, 0], [8, 20, 21, 0], [8, 0, 29, 0], [4, 24, 0, 0], [4, 26, 0, 0], [7, 26, 0, 0], [5, 0, 23, 0], [6, 0, 0, 27], caret
[6, 0, 0, 7], [5, 0, 18, 16], [8, 0, 19, 22], [8, 0, 21, 26], [8, 0, 29, 25], [9, 0, 0, 27], [6, 0, 0, 27], [9, 0, 0, 26], [5, 0, 24, 0], [5, 0, 16, 0], caret
[4, 19, 0, 0], caret
[6, 0, 0, 12], [9, 0, 0, 16], [5, 0, 29, 27], [8, 0, 28, 0], [5, 0, 27, 0], [5, 0, 28, 0], caret
[5, 0, 27, 0], [5, 0, 27, 0], caret
[6, 0, 0, 27], [5, 0, 29, 0], [5, 0, 25, 26], [5, 0, 21, 0], caret
[4, 7, 0, 0], [4, 8, 0, 0], [4, 11, 0, 0], [7, 16, 0, 0], [7, 21, 0, 0], [5, 28, 28, 0], [8, 0, 29, 0], [5, 0, 29, 0], [8, 0, 27, 0], [5, 0, 23, 0], caret
[6, 0, 0, 19], [5, 0, 26, 0], [8, 0, 27, 0], [6, 0, 0, 26], [5, 0, 26, 0], [5, 0, 23, 0], caret
[4, 10, 0, 0], [4, 13, 0, 0], [5, 19, 25, 0], [8, 26, 27, 0], [5, 0, 27, 0], [5, 0, 22, 0], caret
[6, 0, 0, 16], [9, 0, 0, 18], [5, 0, 28, 25], [8, 0, 29, 0], [6, 0, 0, 29], [5, 0, 28, 0], [8, 0, 27, 0], caret
[4, 17, 0, 0], [5, 21, 26, 0], [5, 29, 26, 0], [8, 0, 24, 0], caret
[6, 0, 0, 26], [5, 0, 28, 0], caret
[5, 0, 19, 0], [8, 0, 26, 0], [4, 29, 0, 0], [5, 0, 29, 0], caret
[6, 0, 0, 30], [6, 0, 0, 26], [9, 0, 0, 27], caret
[5, 20, 21, 0], [8, 0, 29, 0], [4, 29, 0, 0], [5, 0, 25, 0], caret
[6, 0, 0, 12], [9, 0, 0, 15], [9, 0, 0, 26], [5, 0, 29, 0], [6, 0, 0, 28], [5, 0, 28, 0], caret
[4, 16, 0, 0], [7, 23, 0, 0], [5, 0, 28, 0], [4, 28, 0, 0], [4, 29, 0, 0], [5, 0, 26, 0], [8, 0, 29, 0], caret
[6, 0, 0, 27], [5, 0, 26, 0], [5, 0, 29, 0], [5, 0, 26, 0], caret
[4, 14, 0, 0], [7, 20, 0, 0], [7, 24, 0, 0], [5, 27, 25, 0], [7, 27, 0, 0], caret
[6, 0, 0, 23], [5, 0, 25, 0], caret
[4, 10, 0, 0], [7, 13, 0, 0], [7, 18, 0, 0], [4, 29, 0, 0], caret
[6, 0, 0, 21], caret
[4, 10, 0, 0], [5, 15, 20, 0], [8, 20, 24, 0], [8, 26, 26, 0], [5, 0, 21, 0], [6, 0, 0, 11], caret
[6, 0, 0, 18], [6, 0, 0, 27], [5, 0, 29, 0], [6, 0, 0, 28], caret
[4, 12, 0, 0], [5, 0, 20, 0], [5, 0, 29, 0], [5, 26, 23, 0], [8, 0, 21, 16], caret
[6, 0, 0, 25], [6, 0, 0, 30], [5, 0, 20, 0], caret
[4, 11, 0, 0], [4, 10, 0, 0], [7, 13, 0, 0], [5, 0, 22, 0], [8, 0, 26, 0], [8, 29, 27, 0], [5, 0, 29, 0], [5, 29, 25, 0], caret
[6, 0, 0, 7], [3, 0, 0, 5], [6, 0, 0, 20], [5, 0, 22, 0], [8, 0, 24, 25], [8, 0, 24, 0], [6, 0, 0, 25], [5, 0, 22, 24], [5, 0, 13, 0], caret
[4, 8, 0, 0], [4, 14, 0, 0], [5, 16, 23, 0], [8, 0, 24, 0], [5, 25, 26, 0], [8, 27, 27, 0], [5, 0, 27, 0], [8, 0, 27, 25], caret
[6, 0, 0, 12], [9, 0, 0, 14], [9, 0, 0, 21], [5, 0, 29, 0], [5, 0, 23, 0], caret
[4, 8, 0, 0], [4, 11, 0, 0], [5, 19, 23, 0], [8, 0, 26, 0], [4, 25, 0, 0], [4, 29, 0, 0], [7, 29, 0, 0], [5, 27, 27, 0], [5, 27, 23, 0], caret
[6, 0, 0, 25], [5, 0, 29, 28], [5, 0, 26, 24], [5, 22, 20, 0], caret
[5, 17, 21, 0], [8, 0, 25, 0], [4, 24, 0, 0], [5, 27, 28, 0], [7, 29, 0, 0], [6, 0, 0, 27], [5, 0, 22, 0], caret
[6, 0, 0, 27], [6, 0, 0, 19], [9, 0, 0, 22], [9, 0, 0, 24], [9, 0, 0, 26], [9, 0, 0, 26], [6, 0, 0, 23], [5, 0, 17, 0], [5, 0, 11, 0], [8, 0, 13, 0], caret
[4, 12, 0, 0], [7, 14, 0, 0], [5, 16, 17, 0], [8, 0, 19, 0], [8, 0, 25, 0], [4, 26, 0, 0], [5, 0, 29, 0], [5, 0, 22, 23], [8, 0, 24, 21], caret
[6, 0, 0, 17], [5, 0, 27, 0], [5, 0, 27, 0], [8, 0, 25, 0], [4, 25, 0, 0], [4, 16, 0, 0], caret
[5, 0, 22, 0], [5, 0, 28, 0], [4, 29, 0, 0], [5, 27, 26, 27], [8, 0, 25, 0], caret
[6, 0, 0, 29], [5, 0, 26, 0], [5, 0, 22, 0], [5, 21, 17, 0], [4, 7, 0, 0], caret
[4, 18, 0, 0], [5, 0, 26, 0], [8, 0, 27, 0], [5, 0, 27, 27], [5, 0, 21, 0], [6, 0, 0, 13], caret
[6, 0, 0, 29], [6, 0, 0, 29], [6, 0, 0, 29], [5, 0, 25, 0], [5, 0, 20, 0], [5, 0, 17, 0], [4, 17, 0, 0], caret
[4, 5, 0, 0], [5, 6, 13, 0], [8, 12, 15, 0], [7, 14, 0, 0], [5, 0, 26, 0], [5, 0, 23, 0], [8, 23, 27, 0], [8, 0, 27, 0], [5, 0, 25, 0], [8, 0, 28, 0], [5, 0, 22, 0], [8, 0, 20, 18], caret
[6, 0, 0, 13], [9, 0, 0, 15], [9, 0, 0, 20], [6, 0, 0, 29], [5, 0, 27, 0], [8, 24, 29, 0], [5, 18, 16, 0], [4, 11, 0, 0], caret
[5, 21, 29, 0], [8, 24, 28, 0], [7, 26, 0, 0], [5, 0, 29, 0], [8, 29, 29, 0], [8, 29, 29, 0], [7, 28, 0, 0], [5, 29, 26, 0], [5, 0, 19, 0], caret
[6, 0, 0, 15], [9, 0, 0, 16], [9, 0, 0, 26], [5, 0, 26, 0], [6, 0, 0, 27], [5, 0, 27, 0], [8, 0, 26, 0], [8, 0, 25, 26], [5, 27, 22, 0], [8, 0, 26, 0], caret
[4, 15, 0, 0], [5, 18, 28, 0], [8, 0, 28, 0], [5, 0, 29, 0], [5, 30, 25, 0], [5, 0, 21, 0], [6, 0, 0, 12], caret
[6, 0, 0, 24], [5, 0, 27, 0], [5, 0, 24, 0], [5, 24, 21, 0], caret
[5, 0, 28, 0], [5, 0, 29, 0], [8, 0, 27, 0], [5, 0, 24, 19], caret
[6, 0, 0, 28], caret
[4, 9, 0, 0], [4, 12, 0, 0], [5, 15, 16, 0], [8, 17, 22, 27], [9, 0, 0, 26], [5, 24, 27, 0], [8, 0, 29, 0], [8, 0, 27, 0], [8, 0, 28, 0], [8, 0, 29, 0], [5, 0, 26, 29], [8, 0, 25, 0], [6, 0, 0, 16], caret
[6, 0, 0, 10], [9, 0, 0, 16], [9, 0, 0, 20], [9, 0, 0, 18], [6, 0, 0, 26], [5, 0, 28, 0], [8, 0, 29, 0], [6, 0, 0, 29], [5, 0, 23, 0], caret
[4, 17, 0, 0], [7, 19, 0, 0], [5, 0, 29, 0], [4, 29, 0, 0], [6, 0, 0, 23], caret
[6, 0, 0, 25], [5, 0, 29, 0], [5, 0, 26, 28], [5, 0, 22, 0], caret
[4, 7, 0, 0], [4, 9, 0, 0], [7, 16, 0, 0], [5, 0, 26, 0], [4, 29, 0, 0], [5, 0, 28, 0], [8, 0, 28, 0], [5, 0, 21, 0], caret
[6, 0, 0, 19], [9, 0, 0, 24], [5, 0, 29, 0], [6, 0, 0, 26], [5, 0, 28, 0], [5, 0, 20, 0], caret
[5, 13, 27, 0], [8, 0, 25, 0], [8, 0, 26, 0], [5, 0, 29, 0], [6, 0, 0, 23], caret
[6, 0, 0, 19], [5, 0, 29, 28], [5, 0, 23, 0], caret
[4, 29, 0, 0], [5, 0, 27, 0], caret
[6, 0, 0, 27], [6, 0, 0, 24], [5, 0, 28, 0], [6, 0, 0, 28], [5, 0, 29, 0], [5, 27, 18, 0], caret
[4, 12, 0, 0], [7, 15, 0, 0], [5, 21, 23, 0], [8, 26, 26, 0], [5, 0, 28, 0], [5, 0, 27, 0], [6, 0, 0, 28], [5, 0, 24, 21], [6, 0, 0, 12], caret
[6, 0, 0, 29], caret
[4, 10, 0, 0], [7, 15, 0, 0], [5, 0, 29, 0], [6, 0, 0, 23], caret
[6, 0, 0, 27], caret
[6, 0, 0, 27], [5, 0, 28, 0], caret
[5, 0, 28, 0], caret
[5, 0, 27, 0], [8, 0, 27, 0], [5, 0, 27, 0], [4, 29, 0, 0], [5, 0, 24, 0], [5, 0, 19, 17], [6, 0, 0, 9], caret
[6, 0, 0, 29], [6, 0, 0, 26], [9, 0, 0, 24], [5, 0, 22, 0], [5, 0, 16, 0], caret
[6, 0, 0, 19], [9, 0, 0, 27], [6, 0, 0, 29], [5, 0, 26, 0], caret
[5, 0, 29, 0], [8, 0, 27, 0], caret
[5, 0, 27, 0], caret
[4, 27, 0, 0], [5, 0, 29, 0], [6, 0, 0, 26], [5, 0, 26, 0], caret
[6, 0, 0, 25], [5, 0, 29, 0], [6, 0, 0, 26], [5, 0, 28, 27], [5, 0, 21, 0], [5, 0, 17, 0], caret
[4, 21, 0, 0], [5, 0, 29, 0], [5, 0, 25, 24], caret
[6, 0, 0, 20], [9, 0, 0, 26], [9, 0, 0, 28], [9, 0, 0, 26], [5, 0, 24, 0], caret
[5, 0, 27, 0], [4, 26, 0, 0], [5, 0, 29, 0], [5, 0, 27, 0], [8, 0, 27, 27], [8, 0, 29, 0], caret
[6, 0, 0, 20], [9, 0, 0, 28], [6, 0, 0, 25], [4, 23, 0, 0], [4, 18, 0, 0], [4, 13, 0, 0], [4, 7, 0, 0], caret
[5, 0, 28, 0], caret
[6, 0, 0, 29], [5, 0, 26, 0], [5, 0, 20, 0], caret
[5, 0, 28, 0], [5, 0, 29, 0], [5, 0, 26, 22], caret
