[5, 0, 8, 0], [2, 0, 5, 0], [5, 0, 7, 0], [6, 0, 0, 8], [6, 0, 0, 8], circle
[5, 15, 13, 0], [5, 0, 8, 0], [5, 0, 7, 0], [5, 0, 8, 0], [5, 0, 10, 0], [8, 0, 14, 14], [8, 0, 17, 18], [8, 0, 20, 0], [8, 21, 21, 29], [8, 0, 24, 0], [4, 24, 0, 0], [5, 20, 24, 0], [5, 0, 20, 0], [8, 15, 19, 0], [7, 13, 0, 0], [5, 9, 8, 0], [2, 0, 5, 0], [5, 0, 8, 0], [5, 0, 10, 11], [5, 0, 12, 8], [6, 0, 0, 9], circle
[5, 13, 7, 0], [2, 0, 5, 0], [5, 0, 8, 0], [5, 0, 11, 0], [8, 0, 14, 0], [8, 0, 17, 0], [8, 0, 23, 0], [8, 22, 22, 0], [8, 21, 21, 0], [8, 0, 20, 0], [4, 17, 0, 0], [7, 15, 0, 0], [4, 10, 0, 0], [4, 8, 0, 0], [5, 0, 6, 0], [5, 0, 8, 0], [5, 0, 7, 0], [5, 0, 9, 0], circle
[3, 0, 0, 5], [5, 0, 10, 9], [8, 0, 15, 14], [8, 0, 24, 20], [8, 0, 22, 0], [5, 29, 18, 0], [8, 0, 21, 0], [8, 18, 19, 0], [8, 15, 19, 0], [7, 15, 0, 0], [5, 0, 8, 0], [2, 0, 5, 0], [5, 0, 12, 8], [5, 0, 11, 10], [6, 0, 0, 10], circle
[5, 0, 10, 0], [8, 0, 15, 0], [8, 17, 16, 0], [8, 20, 21, 0], [8, 19, 21, 0], [4, 20, 0, 0], [4, 11, 0, 0], [4, 8, 0, 0], [5, 0, 7, 0], [5, 0, 11, 0], circle
[6, 0, 0, 7], [6, 0, 0, 11], [6, 0, 0, 11], [9, 0, 0, 25], [5, 0, 19, 22], [8, 0, 27, 0], [5, 23, 19, 0], [8, 21, 19, 0], [5, 19, 16, 0], [8, 15, 16, 0], [5, 13, 12, 0], [5, 12, 10, 0], [5, 0, 6, 0], [6, 0, 0, 10], [6, 0, 0, 6], [6, 0, 0, 7], circle
[4, 6, 0, 0], [5, 0, 5, 0], [5, 0, 8, 0], [8, 0, 13, 0], [5, 13, 12, 0], [8, 17, 21, 0], [8, 22, 20, 0], [4, 18, 0, 0], [5, 20, 25, 0], [4, 15, 0, 0], [4, 11, 0, 0], [7, 13, 0, 0], [4, 6, 0, 0], circle
[6, 0, 0, 5], [6, 0, 0, 8], [6, 0, 0, 11], [9, 0, 0, 16], [9, 0, 0, 19], [5, 0, 20, 0], [5, 0, 18, 0], [8, 18, 20, 0], [8, 17, 20, 0], [4, 10, 0, 0], [5, 0, 8, 0], [2, 0, 5, 0], circle
[4, 10, 0, 0], [4, 9, 0, 0], [4, 9, 0, 0], [5, 0, 5, 0], [5, 0, 8, 0], [5, 0, 11, 0], [8, 0, 16, 15], [8, 0, 15, 0], [8, 19, 20, 0], [8, 22, 24, 0], [5, 28, 20, 0], [8, 20, 19, 0], [7, 23, 0, 0], [4, 16, 0, 0], [4, 13, 0, 0], [4, 10, 0, 0], [4, 8, 0, 0], [4, 7, 0, 0], circle
[6, 0, 0, 9], [6, 0, 0, 8], [5, 0, 13, 13], [8, 0, 15, 0], [8, 0, 23, 0], [8, 20, 23, 0], [5, 18, 18, 0], [8, 18, 18, 0], [5, 17, 15, 0], [4, 12, 0, 0], [5, 10, 10, 0], [5, 0, 7, 0], [6, 0, 0, 5], [6, 0, 0, 6], circle
[5, 0, 6, 0], [5, 0, 8, 0], [5, 0, 11, 0], [8, 0, 17, 0], [8, 0, 17, 0], [8, 0, 20, 0], [8, 0, 23, 0], [8, 19, 21, 0], [8, 0, 22, 0], [4, 18, 0, 0], [4, 12, 0, 0], [4, 10, 0, 0], [4, 9, 0, 0], circle
[3, 0, 0, 5], [6, 0, 0, 7], [6, 0, 0, 7], [6, 0, 0, 12], [5, 0, 17, 16], [8, 0, 18, 0], [8, 29, 19, 0], [8, 0, 26, 0], [5, 19, 18, 0], [8, 0, 19, 0], [5, 12, 14, 0], [8, 10, 13, 0], [5, 0, 8, 0], [5, 0, 8, 0], [6, 0, 0, 6], [3, 0, 0, 5], circle
[5, 0, 6, 0], [6, 0, 0, 11], [5, 0, 11, 11], [8, 0, 13, 16], [9, 0, 0, 19], [5, 0, 21, 0], [5, 0, 18, 0], [8, 0, 24, 0], [5, 18, 19, 0], [4, 12, 0, 0], [4, 10, 0, 0], [4, 8, 0, 0], [5, 0, 5, 0], [5, 0, 8, 0], circle
[6, 0, 0, 6], [6, 0, 0, 8], [6, 0, 0, 9], [9, 0, 0, 15], [5, 0, 14, 0], [8, 0, 17, 0], [8, 0, 18, 0], [4, 20, 0, 0], [5, 18, 18, 0], [5, 0, 15, 0], [4, 12, 0, 0], [4, 10, 0, 0], [5, 0, 7, 0], [5, 0, 8, 0], [6, 0, 0, 5], [6, 0, 0, 7], circle
[6, 0, 0, 12], [6, 0, 0, 10], [5, 0, 5, 0], [4, 5, 0, 0], [4, 10, 0, 0], [4, 14, 0, 0], [5, 0, 16, 0], [8, 15, 19, 0], [8, 0, 18, 19], [8, 0, 20, 0], [6, 0, 0, 11], [5, 0, 10, 0], circle
[1, 5, 0, 0], [1, 5, 0, 0], [4, 6, 0, 0], [7, 13, 0, 0], [5, 13, 17, 0], [8, 18, 18, 0], [8, 19, 16, 0], [8, 0, 17, 0], [5, 0, 13, 0], [5, 0, 11, 0], [5, 0, 11, 0], [5, 0, 10, 0], circle
[5, 0, 11, 0], [4, 4, 0, 0], [1, 5, 0, 0], [4, 6, 0, 0], [4, 9, 0, 0], [4, 16, 0, 0], [5, 0, 21, 0], [5, 0, 15, 0], [8, 0, 14, 0], [5, 0, 8, 0], [5, 0, 8, 0], [5, 0, 8, 0], [5, 0, 10, 0], circle
[5, 0, 14, 0], [5, 0, 5, 0], [4, 3, 0, 0], [4, 7, 0, 0], [4, 6, 0, 0], [5, 9, 23, 0], [5, 13, 19, 0], [8, 16, 24, 0], [5, 18, 19, 0], [8, 0, 19, 0], [5, 0, 14, 18], [8, 0, 15, 17], [6, 0, 0, 11], [6, 0, 0, 9], circle
[4, 7, 0, 0], [4, 7, 0, 0], [4, 9, 0, 0], [5, 11, 21, 0], [5, 13, 16, 0], [8, 0, 18, 0], [8, 0, 16, 0], [8, 0, 15, 0], [6, 0, 0, 16], [5, 0, 16, 0], circle
[6, 0, 0, 12], [5, 0, 11, 0], [5, 0, 9, 0], [4, 8, 0, 0], [1, 5, 0, 0], [1, 5, 0, 0], [4, 7, 0, 0], [7, 14, 0, 0], [7, 16, 0, 0], [5, 12, 19, 0], [5, 0, 15, 0], [8, 15, 14, 0], [8, 0, 13, 0], [5, 0, 12, 0], [8, 0, 15, 15], [8, 0, 13, 0], circle
[8, 13, 18, 0], [5, 0, 13, 0], [5, 0, 10, 0], [5, 0, 6, 0], [5, 0, 8, 0], [6, 0, 0, 8], [6, 0, 0, 10], [6, 0, 0, 12], [5, 0, 17, 16], [9, 0, 0, 21], [5, 0, 20, 25], [4, 28, 0, 0], [5, 22, 25, 0], [8, 0, 23, 0], [8, 20, 21, 0], [8, 17, 19, 0], [8, 16, 17, 0], [5, 12, 13, 0], [8, 16, 13, 0], [5, 0, 6, 0], [5, 0, 7, 0], circle
[5, 0, 11, 0], [5, 13, 10, 0], [5, 0, 7, 0], [5, 0, 7, 0], [6, 0, 0, 10], [5, 0, 11, 13], [8, 0, 14, 0], [8, 0, 17, 0], [8, 0, 24, 25], [5, 0, 19, 25], [8, 29, 25, 0], [5, 27, 21, 0], [8, 16, 19, 0], [7, 23, 0, 0], [5, 13, 18, 0], [8, 9, 16, 0], [5, 9, 8, 0], [5, 9, 7, 0], [5, 0, 6, 0], [5, 0, 9, 0], circle
[7, 14, 0, 0], [4, 11, 0, 0], [4, 11, 0, 0], [4, 6, 0, 0], [5, 0, 7, 0], [8, 0, 13, 0], [8, 0, 16, 22], [8, 0, 16, 23], [8, 0, 19, 0], [8, 25, 21, 0], [8, 0, 23, 0], [8, 0, 25, 0], [8, 18, 23, 0], [4, 15, 0, 0], [4, 9, 0, 0], [4, 8, 0, 0], [5, 0, 7, 0], [4, 11, 0, 0], [5, 0, 5, 0], circle
[5, 0, 13, 0], [5, 0, 12, 0], [6, 0, 0, 9], [6, 0, 0, 6], [3, 0, 0, 5], [6, 0, 0, 9], [6, 0, 0, 8], [6, 0, 0, 12], [9, 0, 0, 15], [5, 0, 21, 0], [8, 0, 19, 0], [8, 20, 20, 0], [8, 20, 19, 0], [8, 0, 17, 0], [8, 16, 16, 0], [5, 14, 13, 0], [5, 11, 10, 0], [5, 8, 6, 0], [2, 0, 5, 0], [6, 0, 0, 5], [6, 0, 0, 7], circle
[6, 0, 0, 6], [6, 0, 0, 7], [6, 0, 0, 11], [6, 0, 0, 12], [9, 0, 0, 15], [5, 0, 19, 0], [8, 0, 20, 0], [8, 0, 26, 0], [5, 19, 21, 0], [5, 21, 17, 0], [8, 18, 19, 0], [5, 13, 13, 0], [5, 0, 11, 0], [5, 0, 9, 0], [6, 0, 0, 6], [6, 0, 0, 7], [6, 0, 0, 10], circle
[5, 9, 6, 0], [2, 0, 5, 0], [5, 0, 6, 0], [6, 0, 0, 11], [9, 0, 0, 13], [5, 0, 17, 16], [8, 0, 17, 23], [8, 0, 22, 24], [5, 0, 19, 0], [8, 23, 24, 0], [4, 19, 0, 0], [4, 16, 0, 0], [4, 13, 0, 0], [4, 10, 0, 0], [4, 10, 0, 0], [5, 11, 8, 0], [5, 0, 6, 0], circle
[6, 0, 0, 8], [6, 0, 0, 7], [6, 0, 0, 11], [5, 0, 13, 11], [5, 0, 17, 16], [8, 0, 19, 0], [8, 0, 27, 22], [4, 19, 0, 0], [5, 0, 17, 0], [8, 0, 15, 0], [4, 16, 0, 0], [5, 13, 15, 0], [5, 0, 10, 0], [5, 0, 8, 0], [6, 0, 0, 5], circle
[5, 0, 7, 0], [5, 0, 10, 0], [6, 0, 0, 7], [5, 0, 15, 9], [6, 0, 0, 12], [5, 0, 14, 18], [8, 0, 24, 0], [4, 22, 0, 0], [5, 21, 22, 0], [5, 24, 19, 0], [8, 17, 21, 0], [4, 14, 0, 0], [5, 12, 14, 0], [5, 11, 9, 0], [5, 0, 6, 0], [6, 0, 0, 7], circle
[4, 6, 0, 0], [4, 8, 0, 0], [4, 9, 0, 0], [5, 0, 6, 0], [5, 0, 11, 0], [5, 0, 12, 0], [8, 0, 13, 0], [8, 0, 15, 0], [8, 0, 19, 0], [8, 21, 19, 0], [8, 21, 24, 0], [8, 21, 26, 0], [5, 0, 23, 0], [4, 21, 0, 0], [4, 13, 0, 0], [7, 16, 0, 0], [4, 10, 0, 0], [4, 6, 0, 0], [5, 0, 5, 0], circle
[8, 0, 13, 0], [6, 0, 0, 16], [5, 0, 10, 0], [5, 0, 7, 0], [4, 9, 0, 0], [4, 7, 0, 0], [4, 8, 0, 0], [4, 11, 0, 0], [5, 12, 15, 0], [8, 15, 17, 0], [8, 17, 17, 0], [8, 0, 16, 0], [5, 0, 14, 0], circle
[8, 0, 13, 0], [6, 0, 0, 11], [6, 0, 0, 7], [5, 0, 8, 0], [8, 0, 13, 0], [8, 7, 13, 0], [8, 10, 13, 0], [7, 15, 0, 0], [5, 15, 17, 0], [8, 18, 17, 0], [8, 0, 19, 0], [8, 0, 17, 22], [8, 0, 16, 19], [8, 0, 15, 13], [6, 0, 0, 11], [6, 0, 0, 8], circle
[5, 0, 23, 20], [9, 0, 0, 23], [5, 0, 21, 0], [8, 24, 19, 0], [8, 20, 24, 0], [5, 17, 21, 0], [8, 0, 20, 0], [5, 13, 10, 0], [5, 0, 8, 0], [6, 0, 0, 8], [6, 0, 0, 11], [5, 0, 16, 16], [8, 0, 15, 16], [8, 0, 18, 17], [8, 0, 18, 0], [8, 0, 18, 0], [8, 21, 19, 0], [8, 0, 18, 0], circle
[6, 0, 0, 11], [6, 0, 0, 8], [5, 0, 8, 0], [4, 14, 0, 0], [4, 7, 0, 0], [5, 11, 20, 0], [5, 15, 16, 0], [8, 19, 24, 0], [5, 18, 21, 0], [5, 27, 18, 21], [8, 22, 22, 19], [9, 0, 0, 18], [5, 0, 14, 15], [8, 0, 13, 12], [8, 0, 13, 0], circle
[9, 0, 0, 20], [5, 0, 21, 0], [8, 0, 20, 0], [8, 0, 26, 0], [5, 0, 19, 0], [8, 0, 17, 0], [4, 17, 0, 0], [4, 13, 0, 0], [5, 0, 8, 0], [6, 0, 0, 9], [6, 0, 0, 11], [9, 0, 0, 13], [9, 0, 0, 16], [5, 0, 19, 19], [8, 0, 18, 20], [8, 0, 21, 21], [5, 0, 16, 0], [8, 0, 17, 0], [8, 0, 18, 0], circle
[5, 0, 23, 0], [8, 20, 22, 0], [7, 19, 0, 0], [4, 15, 0, 0], [7, 14, 0, 0], [5, 0, 11, 0], [5, 0, 11, 0], [6, 0, 0, 11], [9, 0, 0, 15], [5, 0, 16, 13], [8, 0, 17, 18], [8, 0, 21, 24], [8, 0, 26, 23], [5, 0, 21, 0], [8, 25, 19, 0], [8, 0, 21, 0], [4, 24, 0, 0], circle
[4, 10, 0, 0], [4, 9, 0, 0], [4, 10, 0, 0], [4, 15, 0, 0], [7, 20, 0, 0], [5, 18, 18, 0], [8, 18, 16, 0], [8, 0, 17, 0], [8, 17, 15, 0], [8, 0, 15, 0], circle
[5, 0, 23, 19], [6, 0, 0, 13], [6, 0, 0, 12], [5, 0, 6, 0], [5, 0, 21, 0], [8, 26, 21, 0], [8, 0, 21, 0], [8, 0, 20, 0], circle
[5, 0, 24, 0], [8, 0, 24, 0], [5, 23, 20, 18], [6, 0, 0, 15], [5, 0, 17, 11], [4, 15, 0, 0], [5, 0, 21, 0], [5, 20, 18, 0], [8, 0, 19, 0], [8, 0, 17, 16], [8, 0, 21, 17], [5, 0, 16, 0], circle
[6, 0, 0, 11], [5, 0, 18, 0], [8, 0, 20, 0], [6, 0, 0, 17], [5, 0, 16, 16], [8, 0, 16, 13], [8, 0, 14, 0], circle
[5, 0, 19, 17], [6, 0, 0, 13], [4, 16, 0, 0], [5, 0, 21, 0], [4, 23, 0, 0], [5, 0, 22, 0], [8, 27, 23, 0], [8, 29, 21, 22], [6, 0, 0, 19], [9, 0, 0, 18], circle
[8, 0, 18, 15], [6, 0, 0, 10], [6, 0, 0, 9], [6, 0, 0, 6], [5, 0, 19, 0], [8, 0, 17, 0], [8, 0, 20, 0], [8, 0, 20, 0], [8, 26, 21, 17], [5, 0, 18, 20], [6, 0, 0, 15], [9, 0, 0, 16], [9, 0, 0, 17], [9, 0, 0, 16], circle
[5, 15, 14, 0], [4, 23, 0, 0], [5, 0, 27, 0], [5, 22, 24, 0], [4, 19, 0, 0], [5, 0, 16, 0], [5, 0, 13, 0], [8, 0, 15, 0], [5, 0, 19, 0], circle
[8, 0, 21, 0], [8, 0, 23, 0], [6, 0, 0, 16], [6, 0, 0, 12], [6, 0, 0, 9], [5, 0, 8, 0], [5, 0, 16, 0], [8, 19, 17, 0], [8, 24, 18, 18], [8, 0, 19, 0], [5, 0, 16, 15], [9, 0, 0, 13], [6, 0, 0, 10], [6, 0, 0, 11], [9, 0, 0, 15], [9, 0, 0, 15], [9, 0, 0, 15], circle
[8, 0, 24, 0], [5, 0, 8, 0], [6, 0, 0, 9], [6, 0, 0, 12], [9, 0, 0, 13], [5, 0, 19, 17], [8, 0, 20, 17], [8, 0, 23, 0], [5, 0, 18, 18], [8, 28, 22, 0], circle
[5, 0, 9, 0], [6, 0, 0, 14], [6, 0, 0, 7], [6, 0, 0, 12], [9, 0, 0, 14], [5, 0, 22, 0], [8, 0, 21, 19], [8, 0, 27, 0], [5, 0, 22, 26], [8, 29, 21, 0], [8, 0, 20, 19], [5, 0, 11, 9], [5, 0, 11, 0], [8, 0, 13, 0], [6, 0, 0, 14], circle
[6, 0, 0, 14], [9, 0, 0, 18], [6, 0, 0, 21], [5, 0, 20, 0], [5, 19, 17, 0], [6, 0, 0, 13], [9, 0, 0, 15], [6, 0, 0, 14], [9, 0, 0, 17], [9, 0, 0, 23], [6, 0, 0, 20], [5, 0, 19, 18], [8, 0, 20, 17], [8, 0, 20, 21], [8, 0, 18, 18], [8, 0, 16, 15], [8, 0, 15, 0], [8, 0, 16, 0], circle
[4, 11, 0, 0], [7, 14, 0, 0], [5, 14, 19, 0], [8, 18, 19, 0], [8, 21, 21, 0], [5, 0, 17, 0], [8, 0, 17, 14], [9, 0, 0, 13], [6, 0, 0, 9], [5, 0, 8, 0], [5, 0, 8, 0], [4, 10, 0, 0], [5, 11, 19, 0], [4, 11, 0, 0], [5, 13, 16, 0], [8, 16, 18, 0], [8, 16, 17, 0], [8, 0, 19, 0], [5, 0, 13, 16], [8, 0, 15, 0], [5, 0, 11, 0], [8, 0, 17, 0], [8, 0, 16, 0], [8, 0, 15, 0], circle
[5, 9, 17, 0], [5, 0, 13, 0], [8, 0, 18, 0], [5, 0, 9, 0], [5, 0, 6, 0], [4, 14, 0, 0], [4, 9, 0, 0], [7, 16, 0, 0], [4, 10, 0, 0], [7, 13, 0, 0], [5, 15, 18, 0], [8, 16, 25, 0], [5, 19, 19, 0], [7, 20, 0, 0], [5, 21, 20, 0], [5, 17, 15, 18], [5, 0, 11, 0], [5, 0, 7, 0], [2, 15, 5, 0], [5, 0, 6, 0], [5, 0, 10, 0], [5, 0, 12, 0], [8, 0, 14, 0], circle
[5, 10, 8, 0], [6, 0, 0, 9], [5, 0, 10, 12], [8, 0, 14, 12], [8, 0, 15, 16], [8, 0, 16, 19], [8, 0, 21, 0], [5, 0, 18, 0], [8, 0, 18, 0], [8, 20, 18, 0], [8, 21, 19, 0], [8, 14, 18, 0], [8, 13, 18, 0], [7, 15, 0, 0], [4, 8, 0, 0], [5, 7, 6, 0], [5, 0, 7, 0], circle
[7, 14, 0, 0], [7, 18, 0, 0], [5, 15, 21, 0], [8, 16, 20, 0], [8, 18, 18, 0], [8, 21, 19, 21], [8, 0, 20, 19], [5, 0, 14, 17], [8, 0, 13, 13], [6, 0, 0, 10], [5, 0, 5, 0], [2, 0, 5, 0], [5, 0, 7, 0], [5, 0, 10, 0], [4, 8, 0, 0], [4, 11, 0, 0], [5, 8, 14, 0], [8, 11, 16, 0], [8, 17, 14, 0], [8, 15, 16, 0], [8, 16, 16, 0], [8, 16, 15, 20], [8, 0, 13, 0], [5, 0, 11, 0], [8, 0, 14, 0], [8, 0, 16, 0], [8, 0, 16, 0], circle
[4, 14, 0, 0], [7, 13, 0, 0], [4, 11, 0, 0], [4, 11, 0, 0], [5, 0, 8, 0], [6, 0, 0, 9], [6, 0, 0, 10], [9, 0, 0, 14], [5, 0, 24, 14], [9, 0, 0, 18], [5, 0, 22, 27], [8, 0, 21, 0], [8, 0, 20, 0], [8, 0, 24, 0], [5, 21, 19, 0], [8, 21, 17, 0], [8, 15, 17, 0], [5, 11, 13, 0], [5, 10, 8, 0], [5, 0, 6, 0], [5, 0, 7, 0], [5, 0, 8, 0], circle
[7, 16, 0, 0], [7, 15, 0, 0], [7, 13, 0, 0], [5, 13, 12, 0], [5, 0, 8, 0], [5, 0, 9, 0], [6, 0, 0, 7], [6, 0, 0, 8], [9, 0, 0, 14], [5, 0, 18, 17], [8, 0, 17, 21], [8, 0, 20, 0], [5, 0, 26, 0], [5, 0, 23, 0], [8, 0, 25, 0], [5, 19, 22, 0], [5, 21, 19, 0], [8, 14, 17, 0], [7, 13, 0, 0], [5, 12, 8, 0], [5, 0, 7, 0], [5, 0, 8, 0], circle
[6, 0, 0, 7], [5, 0, 11, 11], [9, 0, 0, 13], [5, 0, 22, 17], [5, 0, 19, 0], [8, 27, 22, 26], [8, 0, 20, 0], [8, 26, 23, 0], [5, 17, 18, 0], [8, 30, 17, 0], [4, 17, 0, 0], [4, 11, 0, 0], [5, 11, 9, 0], [5, 0, 6, 0], [5, 0, 6, 0], [5, 0, 7, 0], [5, 0, 12, 0], [5, 0, 12, 11], [8, 0, 14, 12], [9, 0, 0, 13], [9, 0, 0, 16], [5, 0, 21, 0], circle
[9, 0, 0, 15], [5, 0, 19, 18], [8, 0, 21, 0], [5, 0, 18, 0], [8, 20, 23, 0], [5, 16, 20, 0], [4, 13, 0, 0], [5, 0, 9, 0], [6, 0, 0, 8], [5, 0, 12, 10], [9, 0, 0, 14], [9, 0, 0, 14], [5, 0, 18, 16], [8, 0, 17, 16], [9, 0, 0, 19], [5, 24, 18, 21], [8, 0, 17, 0], [8, 21, 18, 0], [8, 18, 16, 0], [8, 16, 15, 0], [8, 13, 14, 0], [7, 13, 0, 0], [7, 13, 0, 0], [7, 13, 0, 0], [7, 13, 0, 0], circle
[6, 0, 0, 6], [6, 0, 0, 8], [6, 0, 0, 11], [6, 0, 0, 12], [5, 0, 17, 15], [8, 0, 19, 20], [8, 0, 24, 0], [5, 0, 21, 0], [8, 21, 22, 0], [5, 20, 19, 0], [8, 20, 21, 0], [4, 17, 0, 0], [4, 13, 0, 0], [4, 11, 0, 0], [5, 0, 10, 0], [5, 0, 7, 0], [5, 0, 12, 0], circle
[5, 0, 11, 0], [5, 0, 10, 0], [6, 0, 0, 6], [3, 0, 0, 4], [6, 0, 0, 7], [6, 0, 0, 10], [9, 0, 0, 15], [9, 0, 0, 18], [5, 0, 25, 17], [5, 0, 20, 23], [8, 0, 29, 0], [5, 21, 21, 0], [8, 17, 19, 0], [7, 15, 0, 0], [5, 16, 14, 0], [5, 0, 10, 0], [5, 11, 6, 0], [2, 0, 5, 0], [5, 0, 8, 0], circle
[9, 0, 0, 13], [9, 0, 0, 14], [6, 0, 0, 5], [6, 0, 0, 9], [5, 0, 9, 0], [5, 0, 7, 0], [5, 11, 10, 0], [8, 11, 15, 0], [8, 14, 16, 0], [8, 17, 18, 0], [8, 0, 23, 0], [8, 24, 21, 0], [8, 0, 26, 0], [8, 0, 26, 22], [9, 0, 0, 20], [6, 0, 0, 15], [9, 0, 0, 16], [6, 0, 0, 10], [6, 0, 0, 7], [6, 0, 0, 6], [6, 0, 0, 8], circle
[5, 0, 8, 0], [6, 0, 0, 7], [5, 0, 10, 9], [6, 0, 0, 11], [5, 0, 16, 15], [8, 0, 17, 0], [5, 0, 24, 0], [5, 23, 21, 0], [8, 22, 21, 0], [4, 17, 0, 0], [7, 15, 0, 0], [7, 13, 0, 0], [5, 8, 10, 0], [5, 0, 7, 0], circle
[8, 0, 17, 0], [5, 0, 13, 0], [8, 0, 13, 0], [5, 0, 7, 0], [5, 0, 9, 0], [4, 6, 0, 0], [4, 6, 0, 0], [4, 7, 0, 0], [7, 13, 0, 0], [7, 13, 0, 0], [5, 21, 19, 0], [8, 20, 19, 0], [8, 0, 20, 0], [8, 0, 20, 21], [8, 28, 19, 20], [5, 20, 16, 16], [8, 0, 17, 15], [5, 15, 9, 0], [5, 0, 6, 0], [5, 0, 6, 0], [5, 0, 7, 0], circle
[6, 0, 0, 6], [3, 0, 0, 5], [3, 0, 0, 5], [6, 0, 0, 7], [5, 0, 15, 15], [8, 0, 19, 15], [8, 0, 20, 18], [8, 0, 19, 25], [5, 0, 26, 0], [5, 22, 19, 0], [8, 23, 17, 0], [8, 14, 22, 0], [5, 14, 18, 0], [5, 12, 9, 0], [5, 0, 10, 0], [5, 0, 9, 0], [6, 0, 0, 7], [6, 0, 0, 9], [6, 0, 0, 7], circle
[8, 10, 13, 0], [8, 0, 13, 0], [5, 10, 12, 0], [5, 9, 7, 0], [6, 0, 0, 7], [6, 0, 0, 8], [5, 0, 11, 10], [8, 0, 14, 16], [9, 0, 0, 25], [5, 0, 17, 0], [8, 25, 19, 0], [8, 0, 23, 0], [8, 23, 22, 0], [5, 17, 19, 0], [8, 14, 18, 0], [5, 12, 13, 0], [5, 13, 10, 0], [5, 0, 13, 0], circle
[6, 0, 0, 8], [6, 0, 0, 7], [5, 0, 5, 0], [4, 8, 0, 0], [5, 10, 17, 0], [8, 13, 20, 0], [8, 15, 18, 0], [8, 20, 20, 0], [7, 22, 0, 0], [6, 0, 0, 22], [5, 21, 17, 17], [8, 0, 16, 14], [5, 0, 11, 0], [5, 0, 9, 0], [5, 0, 7, 0], circle
[8, 0, 13, 0], [8, 15, 14, 0], [5, 13, 11, 0], [5, 12, 9, 0], [5, 0, 8, 0], [5, 0, 8, 10], [6, 0, 0, 6], [6, 0, 0, 8], [5, 0, 13, 11], [9, 0, 0, 17], [5, 0, 18, 0], [8, 0, 21, 27], [8, 0, 22, 0], [5, 0, 21, 0], [8, 21, 20, 0], [8, 18, 18, 0], [8, 13, 16, 0], [4, 12, 0, 0], [5, 9, 8, 0], [5, 0, 11, 0], [5, 0, 10, 0], circle
[5, 0, 11, 12], [8, 0, 13, 11], [6, 0, 0, 9], [5, 0, 6, 0], [5, 7, 10, 0], [1, 5, 0, 0], [4, 7, 0, 0], [5, 11, 15, 0], [8, 13, 17, 0], [7, 16, 0, 0], [5, 17, 17, 0], [8, 17, 23, 0], [5, 0, 18, 0], [5, 0, 14, 12], [5, 0, 8, 0], [5, 0, 10, 0], [5, 0, 11, 0], circle
[5, 12, 10, 0], [6, 0, 0, 7], [6, 0, 0, 7], [6, 0, 0, 10], [9, 0, 0, 16], [9, 0, 0, 17], [5, 0, 24, 18], [5, 0, 18, 0], [8, 24, 22, 0], [8, 0, 23, 0], [5, 17, 20, 0], [7, 15, 0, 0], [5, 13, 16, 0], [8, 12, 15, 0], [5, 13, 8, 0], [2, 0, 5, 0], [5, 0, 6, 0], circle
[5, 0, 13, 12], [5, 0, 9, 0], [5, 0, 7, 0], [5, 0, 6, 0], [5, 0, 10, 0], [4, 5, 0, 0], [4, 12, 0, 0], [5, 10, 15, 0], [8, 0, 18, 0], [8, 16, 23, 0], [8, 19, 27, 0], [5, 0, 20, 0], [8, 0, 19, 0], [8, 0, 21, 18], [5, 0, 14, 13], [8, 0, 18, 10], [6, 0, 0, 8], circle
[5, 0, 12, 0], [5, 0, 10, 0], [5, 0, 7, 0], [6, 0, 0, 5], [6, 0, 0, 6], [6, 0, 0, 8], [6, 0, 0, 10], [9, 0, 0, 20], [5, 0, 19, 0], [8, 0, 24, 0], [8, 0, 27, 0], [5, 23, 23, 0], [8, 20, 21, 0], [5, 16, 17, 0], [8, 15, 15, 0], [5, 18, 12, 0], [5, 11, 7, 0], [5, 0, 6, 0], circle
[5, 0, 16, 18], [6, 0, 0, 13], [5, 0, 10, 0], [5, 0, 8, 0], [5, 6, 11, 0], [1, 5, 0, 0], [4, 8, 0, 0], [5, 10, 17, 0], [8, 13, 17, 0], [8, 17, 18, 0], [8, 19, 21, 0], [8, 0, 20, 0], [8, 0, 21, 0], [8, 0, 19, 0], [6, 0, 0, 16], [5, 0, 22, 0], circle
[8, 0, 13, 0], [8, 0, 16, 0], [5, 14, 12, 0], [5, 0, 9, 0], [6, 0, 0, 7], [6, 0, 0, 8], [6, 0, 0, 12], [6, 0, 0, 21], [5, 0, 23, 27], [5, 0, 24, 0], [8, 0, 24, 0], [8, 29, 22, 0], [8, 21, 23, 0], [5, 22, 19, 0], [5, 17, 16, 0], [5, 11, 12, 0], [5, 13, 8, 0], [5, 0, 6, 0], [6, 0, 0, 6], [6, 0, 0, 7], circle
[5, 0, 5, 0], [5, 0, 8, 0], [4, 8, 0, 0], [5, 9, 11, 0], [5, 11, 11, 0], [8, 0, 16, 0], [8, 16, 23, 0], [5, 0, 20, 0], [8, 0, 20, 19], [5, 0, 16, 15], [6, 0, 0, 10], [6, 0, 0, 7], circle
[5, 0, 14, 0], [5, 13, 11, 0], [5, 0, 6, 0], [5, 0, 6, 0], [6, 0, 0, 5], [6, 0, 0, 7], [6, 0, 0, 11], [9, 0, 0, 15], [9, 0, 0, 21], [5, 0, 21, 20], [8, 0, 24, 0], [8, 0, 23, 0], [8, 0, 28, 0], [5, 0, 24, 0], [8, 0, 23, 0], [8, 0, 22, 0], [5, 0, 18, 0], [8, 12, 18, 0], [4, 11, 0, 0], [5, 9, 13, 0], [5, 0, 6, 0], [5, 0, 6, 0], [5, 0, 7, 0], circle
[5, 0, 10, 0], [5, 0, 8, 0], [5, 0, 8, 0], [6, 0, 0, 8], [6, 0, 0, 9], [5, 0, 13, 13], [9, 0, 0, 14], [5, 0, 17, 0], [8, 0, 19, 0], [8, 26, 21, 0], [8, 0, 22, 0], [4, 21, 0, 0], [5, 19, 18, 0], [8, 22, 19, 0], [4, 12, 0, 0], [5, 0, 10, 0], circle
[5, 0, 12, 0], [5, 0, 7, 0], [5, 0, 6, 0], [4, 10, 0, 0], [4, 6, 0, 0], [1, 5, 0, 0], [4, 11, 0, 0], [5, 13, 18, 0], [8, 0, 18, 0], [5, 22, 29, 0], [5, 0, 19, 0], [8, 0, 17, 0], [5, 0, 14, 17], [6, 0, 0, 12], [5, 0, 11, 0], [5, 0, 5, 0], circle
[5, 13, 11, 0], [2, 0, 5, 0], [6, 0, 0, 6], [6, 0, 0, 9], [6, 0, 0, 11], [5, 0, 17, 0], [5, 0, 19, 0], [8, 0, 23, 0], [4, 20, 0, 0], [7, 28, 0, 0], [5, 15, 16, 0], [7, 15, 0, 0], [5, 10, 12, 0], [5, 0, 7, 0], [2, 0, 5, 0], [5, 0, 11, 0], circle
[5, 6, 7, 0], [1, 4, 0, 0], [1, 5, 0, 0], [4, 11, 0, 0], [5, 16, 16, 0], [8, 17, 17, 0], [8, 21, 19, 0], [8, 24, 23, 0], [5, 0, 18, 0], [8, 0, 24, 0], [5, 0, 17, 15], [6, 0, 0, 11], [5, 0, 12, 11], [5, 0, 13, 0], [5, 0, 8, 0], circle
[6, 0, 0, 11], [5, 0, 8, 0], [2, 0, 5, 0], [5, 0, 6, 0], [4, 5, 0, 0], [1, 5, 0, 0], [5, 15, 15, 0], [8, 13, 16, 0], [8, 25, 16, 0], [8, 24, 23, 0], [5, 22, 19, 0], [8, 30, 25, 0], [5, 0, 18, 0], [8, 0, 17, 0], [8, 0, 15, 13], [5, 0, 11, 0], [5, 0, 8, 0], [2, 0, 5, 0], [2, 0, 5, 0], [2, 0, 4, 0], circle
[5, 0, 8, 0], [6, 0, 0, 6], [6, 0, 0, 6], [6, 0, 0, 10], [9, 0, 0, 14], [9, 0, 0, 16], [5, 0, 20, 20], [9, 0, 0, 25], [5, 0, 24, 0], [5, 0, 19, 0], [4, 21, 0, 0], [5, 22, 16, 0], [8, 0, 16, 0], [5, 14, 10, 0], circle
[4, 11, 0, 0], [4, 9, 0, 0], [4, 7, 0, 0], [4, 8, 0, 0], [5, 0, 7, 0], [5, 0, 6, 0], [5, 0, 10, 0], [8, 0, 19, 14], [8, 0, 18, 18], [8, 0, 17, 0], [8, 21, 18, 0], [8, 0, 21, 0], [8, 21, 21, 0], [8, 19, 19, 0], [7, 17, 0, 0], [4, 13, 0, 0], [7, 15, 0, 0], [4, 9, 0, 0], [5, 11, 8, 0], [5, 9, 9, 0], [5, 0, 10, 0], [4, 13, 0, 0], circle
[6, 0, 0, 18], [5, 0, 24, 20], [8, 0, 26, 21], [5, 24, 21, 0], [4, 21, 0, 0], [4, 17, 0, 0], [5, 14, 16, 0], [5, 0, 10, 0], [5, 0, 10, 9], [6, 0, 0, 9], [9, 0, 0, 13], [9, 0, 0, 14], [9, 0, 0, 16], [5, 0, 23, 17], [8, 0, 22, 19], [8, 0, 21, 0], [8, 25, 24, 22], [8, 27, 23, 0], [8, 0, 23, 0], circle
[8, 0, 29, 0], [5, 0, 26, 0], [4, 25, 0, 0], [5, 22, 21, 0], [8, 18, 19, 0], [8, 0, 20, 0], [5, 0, 11, 0], [6, 0, 0, 16], [6, 0, 0, 11], [9, 0, 0, 13], [9, 0, 0, 15], [9, 0, 0, 18], [5, 0, 22, 26], [8, 0, 24, 19], [5, 0, 21, 21], [8, 0, 25, 21], [5, 0, 20, 21], [8, 0, 20, 25], [8, 0, 22, 0], circle
[5, 0, 21, 18], [6, 0, 0, 14], [6, 0, 0, 11], [6, 0, 0, 12], [5, 0, 8, 0], [5, 20, 21, 0], [8, 27, 21, 0], [8, 23, 20, 0], [8, 0, 19, 18], [8, 0, 22, 0], [5, 0, 20, 0], [6, 0, 0, 18], circle
[5, 0, 24, 0], [8, 0, 22, 18], [6, 0, 0, 13], [6, 0, 0, 10], [5, 0, 7, 10], [4, 19, 0, 0], [5, 23, 21, 0], [8, 0, 22, 0], [8, 29, 20, 0], [5, 0, 25, 18], [5, 0, 21, 18], [5, 0, 17, 23], circle
[6, 0, 0, 20], [6, 0, 0, 17], [6, 0, 0, 10], [6, 0, 0, 8], [6, 0, 0, 7], [5, 0, 8, 0], [5, 0, 18, 0], [8, 21, 19, 0], [8, 24, 21, 0], [8, 25, 20, 0], [8, 0, 18, 16], [9, 0, 0, 15], [9, 0, 0, 15], [9, 0, 0, 17], [5, 0, 19, 16], circle
[4, 23, 0, 0], [5, 0, 20, 0], [6, 0, 0, 12], [6, 0, 0, 9], [5, 0, 8, 0], [5, 16, 19, 0], [4, 22, 0, 0], [5, 24, 19, 0], [8, 0, 19, 17], [8, 0, 18, 17], [9, 0, 0, 15], [9, 0, 0, 18], [6, 0, 0, 13], circle
[5, 0, 15, 13], [6, 0, 0, 11], [6, 0, 0, 9], [6, 0, 0, 8], [5, 0, 7, 0], [4, 19, 0, 0], [5, 0, 20, 0], [5, 21, 16, 0], [7, 22, 0, 0], [5, 23, 18, 21], [8, 0, 19, 13], [9, 0, 0, 15], [5, 0, 15, 13], [8, 0, 13, 0], [8, 0, 13, 0], circle
[4, 29, 0, 0], [5, 0, 20, 0], [5, 0, 17, 0], [8, 0, 19, 0], [5, 15, 15, 0], [6, 0, 0, 11], [9, 0, 0, 13], [6, 0, 0, 11], [9, 0, 0, 15], [5, 0, 18, 0], [8, 0, 20, 18], [8, 0, 20, 21], [8, 0, 21, 18], [8, 26, 20, 19], [8, 23, 21, 0], circle
[8, 0, 19, 14], [8, 0, 20, 16], [8, 0, 18, 0], [8, 0, 17, 0], [8, 19, 15, 0], [8, 16, 15, 0], [5, 0, 11, 0], [5, 0, 11, 0], [6, 0, 0, 7], [5, 0, 8, 6], [6, 0, 0, 6], [6, 0, 0, 7], [6, 0, 0, 9], [6, 0, 0, 11], [9, 0, 0, 16], [5, 0, 16, 18], [8, 0, 18, 15], [8, 0, 17, 16], [8, 0, 21, 16], [8, 0, 19, 0], [5, 24, 16, 17], [8, 0, 17, 16], [8, 0, 16, 0], [8, 0, 15, 0], circle
[4, 27, 0, 0], [5, 0, 22, 21], [5, 0, 19, 0], [8, 0, 20, 14], [9, 0, 0, 13], [6, 0, 0, 10], [6, 0, 0, 8], [5, 0, 8, 10], [2, 0, 5, 0], [4, 14, 0, 0], [5, 21, 19, 0], [8, 22, 22, 0], [5, 0, 19, 20], [8, 0, 23, 15], [9, 0, 0, 17], [9, 0, 0, 16], [9, 0, 0, 17], [5, 0, 17, 15], circle
[8, 0, 24, 16], [5, 0, 21, 16], [6, 0, 0, 10], [6, 0, 0, 9], [6, 0, 0, 9], [5, 0, 5, 0], [4, 10, 0, 0], [4, 11, 0, 0], [4, 19, 0, 0], [5, 0, 22, 0], [8, 25, 24, 0], [7, 28, 0, 0], [5, 0, 21, 0], [8, 0, 19, 18], [8, 0, 21, 17], [9, 0, 0, 16], [5, 0, 18, 17], [5, 0, 17, 0], circle
[5, 0, 19, 21], [5, 0, 21, 0], [8, 0, 21, 0], [8, 0, 21, 0], [5, 0, 16, 0], [4, 12, 0, 0], [5, 0, 7, 0], [6, 0, 0, 8], [6, 0, 0, 8], [6, 0, 0, 10], [6, 0, 0, 11], [9, 0, 0, 15], [9, 0, 0, 15], [9, 0, 0, 20], [5, 0, 21, 18], [8, 0, 21, 21], [8, 0, 21, 0], [8, 25, 20, 0], [8, 0, 20, 0], [8, 0, 23, 0], circle
[9, 0, 0, 13], [9, 0, 0, 17], [6, 0, 0, 8], [6, 0, 0, 7], [6, 0, 0, 8], [6, 0, 0, 15], [6, 0, 0, 18], [9, 0, 0, 18], [9, 0, 0, 17], [9, 0, 0, 15], [6, 0, 0, 11], [6, 0, 0, 9], circle
[8, 0, 19, 0], [4, 19, 0, 0], [5, 22, 16, 0], [4, 18, 0, 0], [4, 13, 0, 0], [4, 11, 0, 0], [4, 9, 0, 0], [5, 7, 10, 0], [5, 0, 6, 0], [5, 0, 9, 0], [5, 0, 11, 13], [5, 0, 12, 0], [8, 18, 17, 0], [5, 0, 13, 0], [8, 18, 15, 0], [7, 16, 0, 0], [5, 15, 16, 0], [7, 16, 0, 0], [4, 10, 0, 0], [5, 0, 13, 0], [8, 0, 14, 0], circle
[8, 20, 19, 0], [5, 0, 15, 0], [8, 0, 14, 0], [5, 0, 11, 13], [5, 0, 8, 0], [5, 0, 7, 0], [4, 8, 0, 0], [4, 8, 0, 0], [4, 9, 0, 0], [7, 15, 0, 0], [4, 22, 0, 0], [4, 20, 0, 0], [5, 20, 16, 0], [8, 16, 15, 0], [5, 0, 11, 0], [5, 0, 10, 0], [5, 0, 11, 0], [4, 10, 0, 0], circle
[6, 0, 0, 9], [6, 0, 0, 5], [6, 0, 0, 6], [5, 0, 16, 14], [8, 0, 19, 16], [8, 0, 20, 0], [6, 0, 0, 18], [6, 0, 0, 10], [6, 0, 0, 8], [6, 0, 0, 7], circle
[4, 9, 0, 0], [5, 0, 8, 0], [8, 0, 13, 0], [8, 0, 14, 0], [8, 16, 20, 0], [8, 0, 19, 0], [8, 18, 20, 0], [8, 19, 22, 0], [4, 16, 0, 0], [7, 14, 0, 0], [4, 6, 0, 0], [4, 6, 0, 0], circle
[6, 0, 0, 8], [6, 0, 0, 6], [3, 0, 0, 5], [6, 0, 0, 7], [6, 0, 0, 9], [6, 0, 0, 10], [9, 0, 0, 13], [9, 0, 0, 18], [5, 0, 13, 0], [8, 17, 13, 0], [8, 0, 14, 0], [5, 0, 11, 0], [5, 0, 7, 0], [6, 0, 0, 6], [6, 0, 0, 6], [6, 0, 0, 10], [6, 0, 0, 10], circle
[4, 11, 0, 0], [5, 9, 10, 0], [5, 12, 7, 0], [2, 0, 5, 0], [8, 0, 13, 0], [5, 0, 9, 0], [5, 0, 11, 16], [8, 0, 17, 0], [8, 0, 19, 0], [5, 21, 24, 0], [5, 18, 21, 0], [8, 16, 19, 0], [8, 13, 18, 0], [5, 15, 14, 0], [5, 11, 10, 0], [5, 10, 7, 0], [5, 0, 8, 0], [5, 0, 8, 0], [5, 0, 11, 0], circle
[1, 5, 0, 0], [1, 4, 0, 0], [4, 8, 0, 0], [5, 0, 11, 0], [8, 14, 13, 0], [5, 14, 19, 0], [8, 19, 22, 0], [7, 19, 0, 0], [4, 15, 0, 0], [4, 6, 0, 0], [4, 9, 0, 0], circle
, circle
[4, 10, 0, 0], [1, 5, 0, 0], [1, 4, 0, 0], [5, 9, 9, 0], [5, 0, 9, 0], [5, 11, 12, 0], [8, 17, 17, 0], [8, 16, 19, 0], [8, 21, 21, 0], [8, 18, 22, 0], [8, 21, 22, 0], [4, 17, 0, 0], [7, 18, 0, 0], [4, 13, 0, 0], [4, 11, 0, 0], [4, 8, 0, 0], [4, 6, 0, 0], [4, 8, 0, 0], circle
[3, 0, 0, 3], [3, 0, 0, 4], [9, 0, 0, 13], [6, 0, 0, 8], [6, 0, 0, 11], [9, 0, 0, 16], [5, 0, 19, 20], [8, 0, 18, 23], [8, 0, 19, 0], [8, 0, 21, 0], [5, 0, 17, 0], [5, 0, 14, 0], [5, 17, 12, 0], [5, 19, 9, 0], [6, 0, 0, 5], [3, 0, 0, 5], [3, 0, 0, 5], [6, 0, 0, 8], circle
[3, 0, 0, 5], [3, 0, 0, 5], [6, 0, 0, 8], [6, 0, 0, 16], [9, 0, 0, 19], [5, 0, 16, 20], [4, 23, 0, 0], [5, 19, 19, 0], [5, 17, 16, 0], [8, 0, 17, 0], [5, 0, 12, 0], [5, 0, 11, 0], [5, 0, 7, 0], [6, 0, 0, 6], [6, 0, 0, 10], [6, 0, 0, 10], [6, 0, 0, 9], circle
[5, 0, 21, 0], [6, 0, 0, 18], [5, 0, 15, 11], [5, 0, 10, 0], [5, 0, 8, 0], [6, 0, 0, 4], [3, 0, 0, 3], [6, 0, 0, 7], [6, 0, 0, 8], [6, 0, 0, 16], [9, 0, 0, 16], [5, 0, 19, 0], [8, 0, 18, 0], [8, 0, 16, 13], [8, 0, 14, 0], [8, 0, 14, 0], circle
[8, 18, 21, 0], [8, 18, 21, 0], [8, 19, 23, 0], [4, 15, 0, 0], [4, 8, 0, 0], [5, 0, 6, 0], [5, 0, 11, 0], [8, 15, 18, 0], [5, 15, 13, 0], [8, 17, 16, 0], [4, 14, 0, 0], [7, 16, 0, 0], [4, 13, 0, 0], [7, 16, 0, 0], circle
[6, 0, 0, 12], [5, 0, 17, 14], [8, 0, 16, 0], [8, 0, 16, 0], [8, 0, 22, 0], [5, 17, 19, 0], [8, 14, 19, 0], [4, 12, 0, 0], [7, 13, 0, 0], [4, 8, 0, 0], [5, 0, 6, 0], [2, 0, 4, 0], [5, 0, 6, 0], [6, 0, 0, 8], [6, 0, 0, 15], [5, 0, 14, 14], [8, 0, 16, 0], [8, 0, 20, 0], [8, 0, 18, 0], [5, 16, 15, 0], [8, 19, 13, 0], circle
[8, 0, 14, 0], [8, 0, 13, 15], [8, 0, 18, 14], [8, 0, 16, 13], [6, 0, 0, 6], [5, 0, 7, 0], [2, 0, 4, 0], [5, 0, 6, 0], [5, 0, 8, 0], [5, 11, 11, 0], [8, 15, 21, 0], [5, 0, 17, 0], [8, 0, 20, 0], [5, 0, 17, 20], [6, 0, 0, 17], [6, 0, 0, 13], [5, 0, 14, 11], [6, 0, 0, 8], [6, 0, 0, 11], [6, 0, 0, 10], [6, 0, 0, 11], circle
[5, 13, 16, 0], [5, 0, 12, 0], [5, 0, 10, 0], [5, 0, 6, 0], [5, 0, 6, 0], [5, 0, 9, 0], [5, 0, 11, 0], [8, 0, 19, 16], [8, 0, 21, 0], [5, 0, 18, 0], [8, 21, 24, 0], [5, 20, 19, 0], [4, 16, 0, 0], [4, 13, 0, 0], [4, 12, 0, 0], [4, 8, 0, 0], [5, 0, 7, 0], [2, 0, 5, 0], [5, 0, 7, 0], circle
[6, 0, 0, 8], [3, 0, 0, 5], [6, 0, 0, 9], [5, 0, 13, 10], [9, 0, 0, 17], [9, 0, 0, 20], [5, 0, 22, 0], [5, 0, 19, 0], [8, 17, 23, 0], [5, 22, 17, 0], [4, 10, 0, 0], [5, 10, 9, 0], [5, 0, 7, 0], [2, 0, 5, 0], circle
[5, 0, 13, 0], [6, 0, 0, 10], [5, 0, 9, 0], [5, 0, 9, 0], [5, 0, 7, 0], [4, 6, 0, 0], [1, 5, 0, 0], [4, 7, 0, 0], [4, 11, 0, 0], [5, 15, 19, 0], [8, 0, 19, 0], [8, 20, 18, 0], [8, 23, 21, 0], [5, 0, 18, 19], [6, 0, 0, 15], [5, 0, 12, 0], [5, 0, 6, 0], [5, 0, 7, 0], circle
[5, 0, 20, 14], [6, 0, 0, 12], [5, 0, 14, 10], [5, 0, 9, 0], [5, 0, 8, 0], [5, 0, 8, 0], [4, 5, 0, 0], [4, 11, 0, 0], [4, 12, 0, 0], [5, 0, 18, 0], [8, 0, 23, 0], [5, 23, 18, 0], [6, 0, 0, 25], [5, 0, 22, 21], [6, 0, 0, 17], [5, 0, 12, 12], [5, 0, 11, 0], [5, 0, 6, 0], [2, 0, 5, 0], [5, 0, 9, 0], circle
[6, 0, 0, 13], [6, 0, 0, 11], [6, 0, 0, 9], [5, 0, 7, 0], [5, 0, 7, 0], [5, 10, 11, 0], [8, 0, 14, 0], [8, 13, 13, 0], [8, 18, 18, 0], [8, 20, 19, 24], [8, 22, 21, 0], [5, 0, 18, 0], [8, 0, 19, 0], [5, 0, 16, 13], [8, 0, 15, 9], [6, 0, 0, 8], circle
[8, 0, 14, 0], [5, 0, 8, 0], [4, 6, 0, 0], [4, 7, 0, 0], [4, 7, 0, 0], [4, 12, 0, 0], [7, 19, 0, 0], [4, 16, 0, 0], [5, 18, 23, 0], [7, 18, 0, 0], [5, 27, 19, 0], [8, 20, 17, 0], [5, 0, 13, 0], [5, 0, 10, 0], [5, 0, 7, 0], [5, 0, 6, 0], [2, 0, 4, 0], circle
[5, 0, 13, 0], [5, 0, 10, 0], [6, 0, 0, 8], [3, 0, 0, 5], [6, 0, 0, 6], [6, 0, 0, 9], [9, 0, 0, 13], [5, 0, 19, 19], [8, 0, 27, 0], [5, 0, 22, 0], [8, 0, 27, 0], [5, 24, 23, 0], [5, 22, 20, 0], [4, 19, 0, 0], [5, 0, 15, 0], [5, 0, 8, 0], [5, 0, 8, 0], [6, 0, 0, 10], [6, 0, 0, 9], circle
[4, 14, 0, 0], [5, 12, 13, 0], [5, 0, 9, 0], [5, 0, 6, 0], [2, 0, 5, 0], [5, 0, 11, 0], [8, 0, 13, 13], [8, 0, 15, 18], [4, 24, 0, 0], [5, 0, 25, 0], [8, 21, 25, 0], [5, 17, 22, 0], [7, 16, 0, 0], [4, 13, 0, 0], [5, 0, 8, 0], [2, 0, 5, 0], circle
[6, 0, 0, 18], [5, 0, 22, 0], [5, 0, 16, 18], [5, 0, 11, 0], [5, 0, 10, 0], [6, 0, 0, 6], [6, 0, 0, 7], [6, 0, 0, 8], [6, 0, 0, 10], [9, 0, 0, 13], [9, 0, 0, 17], [9, 0, 0, 16], [5, 0, 21, 17], [8, 0, 21, 20], [8, 0, 22, 16], [8, 0, 20, 18], circle
[5, 0, 19, 15], [8, 0, 19, 20], [8, 0, 19, 0], [8, 23, 21, 0], [5, 22, 16, 15], [8, 0, 16, 0], [5, 0, 11, 0], [5, 0, 11, 0], [5, 0, 9, 9], [6, 0, 0, 7], [6, 0, 0, 10], [6, 0, 0, 12], [9, 0, 0, 14], [6, 0, 0, 20], [6, 0, 0, 21], [5, 0, 27, 0], [5, 0, 24, 0], [5, 0, 21, 20], [5, 29, 18, 19], [8, 0, 19, 0], circle
[8, 0, 21, 0], [5, 0, 16, 0], [5, 0, 13, 0], [6, 0, 0, 7], [6, 0, 0, 6], [6, 0, 0, 9], [9, 0, 0, 21], [6, 0, 0, 13], [9, 0, 0, 20], [9, 0, 0, 20], [5, 0, 21, 20], [8, 0, 20, 21], [8, 0, 21, 17], [5, 0, 17, 0], [8, 0, 16, 0], circle
[5, 22, 17, 0], [5, 16, 13, 0], [5, 11, 7, 0], [5, 0, 6, 0], [5, 0, 12, 0], [8, 21, 18, 0], [8, 0, 18, 0], [8, 0, 22, 0], [8, 25, 27, 0], [8, 0, 28, 0], [8, 21, 27, 0], [5, 19, 22, 0], [7, 18, 0, 0], [4, 14, 0, 0], [4, 7, 0, 0], [5, 0, 7, 0], [5, 9, 6, 0], [5, 0, 12, 0], circle
[6, 0, 0, 9], [9, 0, 0, 14], [5, 0, 23, 0], [8, 0, 21, 0], [8, 0, 21, 0], [8, 20, 29, 0], [5, 18, 21, 0], [5, 15, 18, 0], [8, 13, 16, 0], [5, 7, 9, 0], [2, 0, 5, 0], [2, 0, 5, 0], [6, 0, 0, 7], [5, 0, 10, 10], [9, 0, 0, 13], [5, 0, 11, 14], [8, 0, 13, 18], [8, 18, 18, 0], [8, 19, 21, 0], [8, 26, 24, 0], [5, 19, 21, 0], [8, 27, 20, 0], [8, 0, 18, 0], [4, 18, 0, 0], circle
[8, 0, 19, 0], [5, 11, 11, 0], [5, 0, 10, 0], [5, 0, 7, 0], [5, 0, 8, 5], [6, 0, 0, 6], [6, 0, 0, 7], [5, 0, 14, 11], [8, 0, 16, 16], [8, 0, 18, 19], [5, 25, 26, 0], [8, 0, 25, 0], [5, 0, 19, 0], [8, 0, 18, 0], [4, 11, 0, 0], [5, 0, 11, 0], [5, 0, 7, 0], [5, 0, 9, 0], [5, 0, 11, 8], [6, 0, 0, 7], [6, 0, 0, 7], circle
[8, 0, 16, 19], [6, 0, 0, 16], [6, 0, 0, 11], [6, 0, 0, 9], [5, 0, 8, 0], [5, 0, 7, 0], [5, 7, 11, 0], [4, 6, 0, 0], [7, 24, 0, 0], [4, 18, 0, 0], [5, 18, 26, 0], [5, 22, 22, 0], [8, 0, 24, 0], [5, 0, 21, 0], [8, 0, 20, 0], [8, 27, 21, 19], [5, 0, 15, 20], [5, 0, 11, 0], [8, 0, 15, 11], [5, 0, 20, 0], circle
[5, 0, 11, 0], [5, 0, 9, 0], [5, 6, 9, 0], [4, 6, 0, 0], [5, 8, 18, 0], [7, 14, 0, 0], [5, 15, 18, 0], [8, 28, 21, 0], [4, 21, 0, 0], [5, 25, 21, 0], [8, 27, 24, 0], [7, 27, 0, 0], [5, 0, 20, 16], [9, 0, 0, 15], [5, 0, 19, 0], [5, 0, 11, 0], [5, 0, 9, 0], [5, 0, 11, 0], circle
[5, 0, 11, 0], [5, 0, 8, 0], [4, 5, 0, 0], [4, 8, 0, 0], [4, 10, 0, 0], [5, 15, 18, 0], [8, 0, 20, 0], [8, 27, 23, 0], [8, 0, 22, 0], [8, 0, 23, 0], [8, 0, 21, 0], [8, 0, 20, 23], [8, 0, 18, 15], [5, 0, 14, 0], [5, 0, 9, 0], [5, 0, 8, 0], [5, 0, 8, 0], [5, 0, 10, 0], [5, 0, 8, 0], circle
[5, 0, 11, 0], [5, 0, 12, 0], [5, 0, 7, 0], [2, 0, 5, 0], [5, 0, 7, 6], [6, 0, 0, 11], [5, 0, 22, 13], [5, 0, 17, 19], [8, 0, 28, 26], [4, 27, 0, 0], [5, 26, 22, 0], [7, 25, 0, 0], [5, 29, 21, 0], [8, 19, 23, 0], [8, 21, 21, 0], [4, 11, 0, 0], [5, 10, 11, 0], [5, 9, 9, 0], [5, 0, 8, 0], [5, 0, 10, 0], [5, 0, 11, 0], [8, 0, 14, 0], circle
[8, 15, 14, 0], [7, 15, 0, 0], [5, 13, 11, 0], [5, 0, 7, 0], [5, 0, 8, 7], [5, 0, 10, 8], [8, 0, 16, 13], [8, 0, 16, 15], [8, 0, 21, 19], [8, 0, 21, 28], [8, 0, 21, 0], [8, 23, 29, 0], [7, 21, 0, 0], [5, 21, 19, 0], [8, 16, 23, 0], [7, 15, 0, 0], [5, 10, 13, 0], [5, 11, 8, 0], circle
[5, 0, 12, 0], [5, 0, 5, 0], [2, 0, 5, 0], [4, 6, 0, 0], [4, 9, 0, 0], [4, 11, 0, 0], [5, 0, 25, 0], [5, 24, 21, 0], [7, 26, 0, 0], [5, 24, 21, 25], [8, 0, 19, 20], [8, 0, 22, 19], [5, 0, 15, 0], [8, 0, 15, 15], [5, 0, 11, 0], [5, 0, 10, 0], [5, 0, 9, 0], [8, 0, 14, 0], [5, 0, 11, 0], circle
[5, 0, 16, 0], [8, 0, 21, 0], [5, 16, 14, 0], [8, 0, 13, 0], [5, 12, 9, 0], [5, 0, 8, 0], [5, 0, 8, 9], [5, 0, 10, 0], [5, 0, 10, 10], [8, 0, 15, 15], [8, 0, 22, 18], [8, 0, 25, 28], [5, 0, 21, 0], [8, 0, 27, 0], [8, 0, 25, 0], [5, 22, 22, 0], [5, 19, 19, 0], [7, 20, 0, 0], [4, 13, 0, 0], [5, 12, 13, 0], [5, 0, 11, 0], [5, 0, 8, 0], [5, 0, 8, 0], [5, 0, 10, 0], [5, 0, 15, 0], circle
[8, 0, 16, 0], [8, 0, 16, 0], [5, 14, 9, 0], [5, 14, 9, 0], [4, 8, 0, 0], [4, 7, 0, 0], [4, 11, 0, 0], [5, 13, 18, 0], [8, 19, 20, 0], [8, 20, 21, 0], [7, 27, 0, 0], [5, 25, 26, 0], [5, 26, 23, 0], [8, 0, 22, 0], [8, 27, 20, 18], [5, 19, 14, 0], [5, 0, 12, 0], [5, 0, 10, 0], [5, 0, 8, 0], [5, 11, 7, 0], [5, 11, 8, 0], [5, 0, 9, 0], circle
[8, 0, 16, 0], [8, 21, 20, 0], [8, 20, 21, 0], [5, 22, 15, 0], [8, 14, 14, 0], [8, 13, 16, 0], [5, 0, 11, 0], [5, 0, 10, 13], [8, 0, 13, 13], [8, 0, 18, 16], [8, 0, 18, 17], [8, 0, 20, 0], [8, 0, 25, 0], [8, 29, 25, 0], [8, 0, 25, 0], [8, 0, 23, 0], [8, 0, 22, 0], [8, 24, 24, 0], [5, 18, 17, 0], [7, 17, 0, 0], [5, 13, 18, 0], [5, 14, 10, 0], [5, 16, 11, 0], [5, 0, 11, 0], [5, 0, 16, 0], circle
[8, 0, 21, 0], [8, 0, 22, 0], [8, 0, 25, 23], [5, 0, 23, 0], [8, 0, 25, 0], [5, 0, 21, 0], [8, 22, 22, 0], [8, 20, 21, 0], [4, 14, 0, 0], [5, 11, 11, 0], [5, 15, 9, 0], [5, 0, 11, 0], [8, 0, 14, 11], [8, 0, 15, 13], [8, 0, 19, 16], [8, 0, 19, 22], [8, 0, 21, 0], [8, 0, 22, 0], [8, 25, 21, 0], [8, 27, 22, 0], [7, 26, 0, 0], [5, 0, 21, 0], circle
[6, 0, 0, 25], [5, 0, 26, 0], [8, 0, 29, 0], [5, 0, 24, 0], [8, 0, 22, 0], [8, 20, 21, 0], [4, 16, 0, 0], [5, 12, 21, 0], [5, 9, 12, 0], [5, 13, 9, 0], [5, 0, 11, 0], [5, 0, 8, 10], [5, 0, 10, 10], [8, 0, 15, 0], [8, 0, 17, 16], [8, 0, 23, 17], [5, 0, 18, 24], [8, 0, 21, 23], [8, 25, 20, 0], [8, 0, 20, 0], [8, 0, 22, 0], [5, 0, 17, 0], circle
[8, 0, 17, 0], [8, 0, 23, 0], [8, 0, 26, 24], [8, 0, 24, 23], [9, 0, 0, 22], [5, 0, 21, 0], [8, 0, 26, 0], [5, 21, 19, 0], [8, 17, 23, 0], [5, 15, 16, 0], [8, 12, 15, 0], [5, 9, 12, 0], [5, 7, 9, 0], [5, 0, 6, 0], [5, 0, 7, 10], [5, 0, 10, 7], [5, 0, 12, 10], [8, 0, 13, 11], [8, 0, 19, 13], [8, 0, 17, 16], [8, 0, 19, 18], [8, 22, 18, 0], [4, 19, 0, 0], [5, 23, 19, 0], [8, 16, 19, 0], [7, 16, 0, 0], [5, 0, 14, 0], circle
[8, 0, 15, 0], [8, 0, 17, 24], [8, 20, 27, 21], [5, 0, 19, 0], [8, 0, 18, 0], [8, 0, 17, 0], [8, 0, 15, 0], [5, 0, 12, 11], [5, 0, 6, 0], [5, 0, 12, 0], [8, 6, 13, 0], [4, 6, 0, 0], [4, 9, 0, 0], [5, 21, 21, 0], [4, 13, 0, 0], [5, 16, 24, 0], [8, 21, 25, 0], [7, 21, 0, 0], [5, 22, 23, 0], [5, 20, 20, 0], [8, 19, 18, 0], [8, 21, 18, 0], [8, 0, 17, 0], [8, 0, 19, 19], [8, 0, 19, 19], circle
[5, 15, 13, 0], [5, 0, 10, 0], [5, 0, 7, 0], [5, 0, 8, 0], [6, 0, 0, 8], circle
[6, 0, 0, 18], [9, 0, 0, 17], [9, 0, 0, 15], [6, 0, 0, 11], [5, 0, 6, 0], [5, 0, 6, 0], [4, 10, 0, 0], [5, 13, 18, 0], [8, 15, 20, 0], [5, 0, 26, 0], [8, 0, 26, 0], [8, 0, 26, 0], [8, 28, 25, 0], [8, 0, 25, 0], [5, 29, 23, 27], [5, 0, 21, 19], [9, 0, 0, 17], [6, 0, 0, 13], [6, 0, 0, 10], [6, 0, 0, 11], [6, 0, 0, 8], circle
[5, 0, 16, 0], [5, 0, 13, 0], [5, 0, 7, 0], [5, 0, 8, 0], [6, 0, 0, 8], [6, 0, 0, 8], [6, 0, 0, 12], [9, 0, 0, 13], [9, 0, 0, 16], [5, 0, 29, 23], [5, 0, 26, 29], [8, 0, 26, 26], [8, 0, 26, 26], [9, 0, 0, 25], [5, 0, 30, 0], [8, 0, 28, 0], [5, 22, 21, 0], [8, 23, 20, 0], [8, 20, 25, 0], [4, 16, 0, 0], [5, 0, 10, 0], [5, 0, 7, 0], [5, 0, 7, 0], [6, 0, 0, 8], [6, 0, 0, 7], [6, 0, 0, 7], circle
[6, 0, 0, 25], [6, 0, 0, 12], [5, 0, 10, 0], [5, 0, 11, 0], [4, 11, 0, 0], [4, 7, 0, 0], [7, 13, 0, 0], [4, 11, 0, 0], [7, 14, 0, 0], [5, 15, 22, 0], [7, 17, 0, 0], [7, 24, 0, 0], [5, 0, 24, 0], [8, 0, 23, 0], [4, 24, 0, 0], [5, 26, 24, 0], [8, 0, 22, 0], [8, 0, 23, 0], [8, 0, 21, 22], [8, 0, 22, 18], [6, 0, 0, 14], [9, 0, 0, 14], [6, 0, 0, 11], [5, 0, 8, 0], [5, 0, 7, 0], circle
[4, 12, 0, 0], [4, 14, 0, 0], [5, 18, 19, 0], [5, 21, 20, 0], [8, 0, 22, 0], [8, 24, 27, 0], [5, 0, 22, 0], [8, 0, 28, 23], [5, 0, 21, 24], [6, 0, 0, 21], [6, 0, 0, 15], [6, 0, 0, 11], circle
[6, 0, 0, 8], [6, 0, 0, 11], [9, 0, 0, 16], [9, 0, 0, 19], [5, 0, 26, 29], [6, 0, 0, 25], [5, 0, 26, 27], [5, 0, 26, 0], [5, 0, 23, 0], [5, 0, 19, 0], [6, 0, 0, 7], [6, 0, 0, 8], circle
[5, 0, 12, 0], [8, 0, 13, 0], [6, 0, 0, 8], [6, 0, 0, 8], [6, 0, 0, 13], [9, 0, 0, 16], [9, 0, 0, 19], [5, 0, 24, 28], [9, 0, 0, 26], [5, 0, 25, 27], [8, 0, 26, 25], [5, 0, 23, 0], [8, 0, 24, 0], [8, 25, 22, 0], [5, 0, 19, 0], [5, 0, 11, 0], [6, 0, 0, 6], circle
[6, 0, 0, 9], [5, 0, 8, 0], [8, 0, 14, 0], [8, 12, 13, 0], [8, 15, 17, 0], [8, 0, 19, 0], [8, 26, 21, 0], [8, 0, 23, 0], [8, 27, 24, 0], [6, 0, 0, 26], [5, 0, 26, 25], [6, 0, 0, 23], [9, 0, 0, 24], [6, 0, 0, 11], [6, 0, 0, 6], [6, 0, 0, 7], circle
[5, 0, 19, 0], [8, 0, 19, 0], [5, 0, 13, 0], [5, 0, 9, 0], [6, 0, 0, 8], [6, 0, 0, 10], [6, 0, 0, 16], [6, 0, 0, 19], [9, 0, 0, 21], [5, 0, 26, 0], [6, 0, 0, 26], [5, 0, 26, 25], [8, 0, 27, 25], [8, 0, 28, 0], [8, 0, 28, 0], [4, 29, 0, 0], [5, 26, 22, 0], [5, 23, 19, 0], [5, 0, 14, 0], [6, 0, 0, 6], [6, 0, 0, 7], circle
[6, 0, 0, 17], [5, 0, 12, 0], [5, 0, 11, 0], [4, 10, 0, 0], [4, 10, 0, 0], [4, 11, 0, 0], [5, 15, 28, 0], [5, 17, 23, 0], [7, 25, 0, 0], [5, 23, 29, 0], [8, 26, 27, 0], [8, 25, 27, 0], [8, 28, 26, 0], [8, 0, 28, 0], [8, 0, 29, 0], [5, 0, 25, 0], [8, 0, 25, 24], [8, 0, 25, 20], [5, 0, 20, 18], [9, 0, 0, 20], [6, 0, 0, 11], circle
[6, 0, 0, 27], [6, 0, 0, 11], [5, 0, 7, 0], [5, 0, 9, 0], [4, 9, 0, 0], [4, 12, 0, 0], [7, 14, 0, 0], [5, 20, 20, 0], [8, 19, 23, 0], [8, 24, 22, 0], [8, 24, 23, 26], [7, 27, 0, 0], [5, 0, 24, 0], [8, 0, 27, 0], [8, 0, 25, 26], [8, 0, 25, 21], [8, 0, 28, 19], [9, 0, 0, 17], [6, 0, 0, 13], [6, 0, 0, 11], [6, 0, 0, 9], [6, 0, 0, 7], circle
[6, 0, 0, 28], [6, 0, 0, 24], [6, 0, 0, 18], [6, 0, 0, 14], [5, 0, 8, 0], [5, 0, 9, 0], [4, 9, 0, 0], [4, 10, 0, 0], [7, 13, 0, 0], [7, 15, 0, 0], [7, 18, 0, 0], [5, 19, 20, 0], [8, 23, 24, 0], [8, 0, 26, 0], [8, 0, 29, 0], [5, 0, 26, 29], [8, 0, 26, 0], [8, 0, 25, 29], [8, 0, 28, 29], [5, 0, 24, 21], [8, 0, 26, 21], [6, 0, 0, 16], [6, 0, 0, 13], [9, 0, 0, 14], [5, 0, 12, 0], circle
[5, 0, 8, 0], [6, 0, 0, 8], [6, 0, 0, 11], [5, 0, 14, 13], [8, 0, 14, 15], [8, 0, 18, 0], [8, 0, 21, 18], [8, 0, 23, 0], [8, 0, 24, 0], [8, 0, 26, 0], [8, 0, 29, 0], [5, 0, 27, 0], [5, 29, 24, 0], [8, 0, 22, 0], [8, 0, 22, 0], [5, 0, 7, 0], [6, 0, 0, 8], circle
[4, 19, 0, 0], [7, 26, 0, 0], [7, 24, 0, 0], [5, 0, 27, 0], [4, 28, 0, 0], [7, 27, 0, 0], [7, 29, 0, 0], [5, 27, 24, 0], [8, 0, 24, 0], [6, 0, 0, 20], [5, 0, 19, 0], [5, 0, 15, 0], [8, 0, 13, 0], circle
[6, 0, 0, 8], [6, 0, 0, 9], [6, 0, 0, 16], [9, 0, 0, 20], [6, 0, 0, 23], [9, 0, 0, 27], [6, 0, 0, 24], [5, 0, 29, 0], [6, 0, 0, 8], circle
[5, 0, 9, 0], [4, 11, 0, 0], [4, 15, 0, 0], [5, 0, 26, 0], [4, 22, 0, 0], [7, 25, 0, 0], [5, 0, 25, 0], [8, 0, 26, 26], [9, 0, 0, 25], [5, 0, 28, 24], [8, 0, 26, 28], [5, 0, 21, 19], [6, 0, 0, 16], [9, 0, 0, 16], [5, 0, 14, 12], [5, 0, 11, 0], circle
[6, 0, 0, 4], [6, 0, 0, 9], [6, 0, 0, 7], [6, 0, 0, 12], [6, 0, 0, 12], [9, 0, 0, 18], [9, 0, 0, 17], [5, 0, 23, 18], [9, 0, 0, 21], [5, 0, 25, 21], [8, 0, 24, 23], [8, 0, 23, 23], [8, 0, 25, 28], [8, 0, 23, 0], circle
[4, 9, 0, 0], [4, 11, 0, 0], [5, 21, 26, 0], [4, 24, 0, 0], [5, 0, 28, 0], [8, 0, 29, 0], [5, 0, 24, 0], [8, 0, 29, 0], [6, 0, 0, 19], [9, 0, 0, 17], [6, 0, 0, 12], [5, 0, 10, 0], circle
[6, 0, 0, 6], [6, 0, 0, 7], [9, 0, 0, 28], [6, 0, 0, 13], [9, 0, 0, 16], [9, 0, 0, 15], [5, 0, 24, 28], [8, 0, 26, 26], [6, 0, 0, 29], [5, 0, 27, 0], [8, 0, 27, 0], [6, 0, 0, 25], [5, 0, 28, 0], [6, 0, 0, 26], [5, 0, 22, 0], [6, 0, 0, 6], [3, 0, 0, 5], circle
[5, 0, 9, 0], [2, 0, 5, 0], [4, 8, 0, 0], [4, 11, 0, 0], [5, 19, 21, 0], [7, 26, 0, 0], [5, 26, 29, 0], [8, 0, 29, 0], [5, 0, 29, 27], [8, 0, 28, 0], [8, 29, 26, 24], [5, 0, 22, 0], [8, 0, 23, 19], [5, 0, 20, 19], [6, 0, 0, 12], [6, 0, 0, 11], [5, 0, 14, 9], [5, 0, 8, 0], circle
[6, 0, 0, 8], [6, 0, 0, 6], [6, 0, 0, 10], [6, 0, 0, 10], [6, 0, 0, 12], [9, 0, 0, 14], [5, 0, 23, 21], [8, 0, 26, 0], [8, 0, 27, 0], [8, 0, 28, 25], [6, 0, 0, 27], [5, 0, 25, 29], [5, 0, 25, 0], circle
[6, 0, 0, 25], [9, 0, 0, 23], [9, 0, 0, 22], [6, 0, 0, 17], [6, 0, 0, 12], [5, 0, 10, 0], [5, 0, 7, 0], [5, 0, 8, 0], [5, 0, 21, 0], [8, 24, 23, 0], [8, 27, 27, 0], [7, 28, 0, 0], [5, 0, 29, 0], [6, 0, 0, 23], [6, 0, 0, 20], [6, 0, 0, 15], [6, 0, 0, 12], circle
[6, 0, 0, 7], [6, 0, 0, 11], [6, 0, 0, 11], [6, 0, 0, 18], [6, 0, 0, 22], [5, 0, 27, 23], [8, 0, 29, 25], [8, 0, 28, 28], [5, 0, 29, 0], [6, 0, 0, 5], [3, 0, 0, 5], circle
[6, 0, 0, 25], [5, 0, 17, 0], [5, 0, 14, 0], [5, 0, 10, 0], [4, 8, 0, 0], [4, 11, 0, 0], [4, 19, 0, 0], [7, 23, 0, 0], [5, 26, 28, 0], [8, 0, 29, 0], [5, 0, 28, 0], [5, 0, 24, 21], [6, 0, 0, 16], [6, 0, 0, 10], [5, 0, 11, 0], [5, 0, 8, 0], [5, 0, 8, 0], circle
[6, 0, 0, 11], [6, 0, 0, 12], [9, 0, 0, 14], [9, 0, 0, 18], [9, 0, 0, 19], [9, 0, 0, 28], [9, 0, 0, 29], [5, 0, 29, 0], [5, 0, 29, 26], [5, 0, 26, 0], [8, 0, 27, 0], circle
[6, 0, 0, 28], [5, 0, 27, 24], [5, 0, 23, 0], [5, 0, 20, 0], [5, 0, 16, 0], [5, 0, 10, 0], [4, 6, 0, 0], [4, 11, 0, 0], [7, 13, 0, 0], [7, 13, 0, 0], [7, 16, 0, 0], [5, 20, 26, 0], [7, 24, 0, 0], [7, 27, 0, 0], [5, 29, 29, 0], [6, 0, 0, 26], [5, 0, 25, 0], [8, 0, 23, 0], [8, 0, 25, 0], [8, 0, 28, 0], [5, 0, 13, 0], [5, 0, 11, 0], [5, 0, 11, 0], circle
[6, 0, 0, 20], [6, 0, 0, 12], [6, 0, 0, 7], [5, 0, 9, 7], [5, 0, 6, 0], [5, 0, 8, 0], [8, 10, 13, 0], [4, 12, 0, 0], [5, 15, 16, 0], [8, 0, 19, 0], [8, 0, 24, 0], [8, 26, 29, 0], [6, 0, 0, 27], [6, 0, 0, 29], [5, 0, 29, 0], [8, 0, 29, 0], [6, 0, 0, 21], [6, 0, 0, 18], [6, 0, 0, 14], [6, 0, 0, 12], circle
[6, 0, 0, 27], [6, 0, 0, 10], [6, 0, 0, 8], [6, 0, 0, 8], [6, 0, 0, 13], [9, 0, 0, 19], [9, 0, 0, 19], [5, 0, 28, 0], [8, 0, 28, 0], [5, 0, 27, 25], [8, 0, 28, 24], [8, 0, 26, 0], [5, 0, 22, 0], circle
[6, 0, 0, 19], [9, 0, 0, 17], [5, 0, 11, 0], [5, 0, 6, 0], [5, 0, 8, 0], [8, 11, 15, 0], [8, 12, 17, 0], [8, 0, 16, 0], [8, 0, 23, 0], [8, 22, 26, 0], [8, 25, 29, 0], [8, 28, 28, 0], [5, 0, 29, 28], [5, 0, 24, 0], [6, 0, 0, 15], [5, 0, 19, 13], [6, 0, 0, 11], [5, 0, 8, 0], [5, 0, 8, 0], circle
[5, 0, 27, 0], [5, 0, 9, 0], [6, 0, 0, 5], [3, 0, 0, 5], [6, 0, 0, 9], [6, 0, 0, 12], [9, 0, 0, 14], [9, 0, 0, 23], [9, 0, 0, 24], [5, 0, 25, 0], [5, 0, 28, 26], [9, 0, 0, 26], [9, 0, 0, 29], [5, 0, 28, 26], [8, 0, 29, 0], circle
[5, 0, 15, 0], [8, 0, 15, 0], [4, 7, 0, 0], [4, 8, 0, 0], [4, 8, 0, 0], [7, 13, 0, 0], [7, 16, 0, 0], [5, 23, 25, 0], [6, 0, 0, 23], [5, 0, 27, 24], [5, 0, 12, 0], [5, 0, 7, 0], [5, 0, 6, 0], circle
[5, 0, 11, 0], [6, 0, 0, 7], [6, 0, 0, 8], [6, 0, 0, 11], [6, 0, 0, 12], [6, 0, 0, 19], [5, 0, 26, 23], [9, 0, 0, 25], [9, 0, 0, 24], [5, 0, 28, 0], [5, 0, 29, 0], [4, 27, 0, 0], [5, 25, 21, 0], [8, 0, 22, 0], [5, 0, 17, 0], [5, 0, 11, 0], [5, 0, 11, 0], [6, 0, 0, 9], [6, 0, 0, 8], [6, 0, 0, 9], circle
[5, 0, 29, 0], [5, 0, 27, 26], [5, 0, 29, 23], [5, 0, 24, 0], [8, 0, 28, 19], [5, 0, 16, 0], [8, 0, 14, 0], circle
[5, 0, 14, 0], [6, 0, 0, 10], [6, 0, 0, 8], [6, 0, 0, 9], [6, 0, 0, 11], [9, 0, 0, 20], [9, 0, 0, 28], [6, 0, 0, 20], [5, 0, 25, 0], [8, 0, 27, 27], [9, 0, 0, 27], [6, 0, 0, 28], [5, 0, 29, 0], [8, 0, 29, 0], [5, 0, 27, 0], [8, 27, 26, 0], [5, 0, 11, 0], [5, 0, 9, 0], [6, 0, 0, 6], [6, 0, 0, 6], [6, 0, 0, 9], circle
[5, 0, 8, 0], [4, 26, 0, 0], [5, 0, 29, 0], [6, 0, 0, 29], [6, 0, 0, 26], [5, 0, 28, 22], [6, 0, 0, 18], [6, 0, 0, 15], circle
[5, 0, 27, 0], [5, 0, 9, 0], [6, 0, 0, 12], [9, 0, 0, 19], [5, 0, 23, 21], [8, 0, 25, 27], [5, 0, 27, 28], [5, 0, 29, 27], [5, 29, 26, 0], [4, 24, 0, 0], [5, 0, 7, 0], [5, 0, 7, 0], circle
[6, 0, 0, 27], [9, 0, 0, 27], [6, 0, 0, 20], [6, 0, 0, 8], [5, 0, 9, 0], [8, 0, 13, 0], [5, 0, 12, 14], [8, 0, 15, 0], [8, 0, 19, 0], [8, 0, 23, 0], [8, 0, 28, 0], [6, 0, 0, 27], [9, 0, 0, 28], [6, 0, 0, 23], [9, 0, 0, 23], [9, 0, 0, 23], [6, 0, 0, 12], [6, 0, 0, 7], [6, 0, 0, 8], circle
[6, 0, 0, 9], [9, 0, 0, 13], [9, 0, 0, 17], [9, 0, 0, 18], [9, 0, 0, 28], [9, 0, 0, 26], [9, 0, 0, 27], [5, 0, 29, 0], [6, 0, 0, 28], circle
[5, 0, 29, 0], [5, 0, 25, 0], [5, 0, 21, 0], [5, 22, 16, 0], [4, 15, 0, 0], [4, 8, 0, 0], [4, 11, 0, 0], [7, 15, 0, 0], [5, 0, 27, 0], [8, 23, 28, 0], [7, 28, 0, 0], [5, 0, 29, 0], [5, 0, 20, 19], [5, 0, 14, 0], circle
[5, 0, 8, 0], [5, 0, 10, 0], [6, 0, 0, 7], [6, 0, 0, 10], [5, 0, 14, 13], [8, 0, 18, 22], [8, 0, 21, 21], [8, 0, 27, 0], [8, 28, 25, 0], [8, 0, 24, 27], [9, 0, 0, 26], [5, 26, 26, 0], [7, 26, 0, 0], [5, 0, 9, 0], circle
[6, 0, 0, 10], [6, 0, 0, 9], [5, 0, 7, 0], [5, 0, 19, 0], [8, 0, 24, 0], [5, 0, 29, 0], [8, 0, 27, 0], [6, 0, 0, 28], [9, 0, 0, 29], [5, 0, 29, 0], [8, 0, 29, 0], [5, 0, 26, 19], [6, 0, 0, 16], [6, 0, 0, 12], [6, 0, 0, 9], [5, 0, 8, 0], circle
[5, 0, 11, 0], [5, 0, 13, 17], [8, 0, 19, 20], [8, 0, 20, 0], [8, 0, 27, 0], [8, 0, 26, 28], [8, 0, 25, 26], [8, 0, 26, 27], [5, 0, 29, 0], [4, 27, 0, 0], [5, 0, 25, 0], circle
[5, 0, 29, 0], [6, 0, 0, 22], [5, 0, 22, 16], [5, 0, 10, 0], [5, 0, 9, 0], [5, 0, 11, 0], [8, 0, 16, 0], [8, 18, 20, 0], [8, 22, 21, 0], [8, 0, 25, 0], [6, 0, 0, 27], [5, 0, 27, 24], [5, 0, 24, 23], [5, 0, 21, 16], [9, 0, 0, 18], [6, 0, 0, 13], [6, 0, 0, 10], [5, 0, 11, 0], circle
[5, 0, 28, 0], [5, 0, 10, 0], [5, 0, 11, 0], [8, 0, 14, 13], [8, 0, 17, 14], [5, 0, 22, 22], [8, 27, 23, 0], [5, 0, 27, 0], [8, 0, 29, 0], [5, 0, 29, 0], [5, 0, 10, 0], circle
[6, 0, 0, 15], [6, 0, 0, 11], [5, 0, 7, 0], [5, 0, 10, 0], [8, 0, 18, 0], [8, 0, 19, 0], [8, 0, 25, 0], [4, 28, 0, 0], [5, 0, 29, 0], [6, 0, 0, 21], [6, 0, 0, 18], [6, 0, 0, 13], [9, 0, 0, 13], circle
[5, 0, 16, 0], [6, 0, 0, 17], [9, 0, 0, 22], [5, 0, 23, 0], [6, 0, 0, 26], [5, 27, 28, 0], [7, 27, 0, 0], [5, 0, 27, 29], [5, 0, 26, 0], circle
[6, 0, 0, 13], [6, 0, 0, 9], [6, 0, 0, 8], [5, 0, 9, 0], [5, 0, 10, 0], [5, 0, 12, 0], [8, 0, 16, 0], [8, 0, 21, 0], [8, 0, 25, 25], [6, 0, 0, 22], [9, 0, 0, 21], [6, 0, 0, 11], [6, 0, 0, 10], circle
[4, 21, 0, 0], [5, 0, 12, 0], [5, 0, 11, 0], [6, 0, 0, 10], [6, 0, 0, 9], [5, 0, 16, 11], [9, 0, 0, 15], [5, 0, 21, 0], [8, 0, 24, 0], [8, 0, 29, 27], [8, 0, 30, 30], [5, 0, 29, 0], [8, 26, 27, 0], [7, 24, 0, 0], [5, 0, 12, 0], [5, 0, 11, 0], [8, 0, 13, 0], circle
[5, 0, 27, 0], [5, 0, 20, 0], circle
[6, 0, 0, 11], [6, 0, 0, 10], [6, 0, 0, 24], [6, 0, 0, 28], [6, 0, 0, 29], [6, 0, 0, 29], circle
[6, 0, 0, 27], [9, 0, 0, 28], circle
[6, 0, 0, 11], [6, 0, 0, 23], [5, 0, 27, 23], [5, 0, 29, 0], [8, 0, 28, 0], [8, 0, 28, 0], [8, 0, 28, 0], [6, 0, 0, 26], [5, 0, 29, 0], circle
[5, 0, 27, 23], [6, 0, 0, 18], [6, 0, 0, 13], [5, 0, 16, 0], [5, 0, 22, 0], [8, 26, 27, 0], [6, 0, 0, 28], [9, 0, 0, 26], [5, 0, 29, 20], [6, 0, 0, 15], [6, 0, 0, 11], [6, 0, 0, 10], [6, 0, 0, 8], [6, 0, 0, 11], [9, 0, 0, 14], circle
[6, 0, 0, 13], [5, 0, 16, 0], [6, 0, 0, 19], [5, 0, 29, 20], [5, 0, 24, 0], [8, 0, 27, 0], [6, 0, 0, 26], [5, 0, 29, 0], circle
[6, 0, 0, 15], [9, 0, 0, 13], [5, 0, 13, 0], [5, 0, 26, 0], [8, 29, 29, 26], [9, 0, 0, 29], [6, 0, 0, 28], [9, 0, 0, 26], [6, 0, 0, 11], circle
[5, 0, 28, 0], [6, 0, 0, 27], [9, 0, 0, 27], [6, 0, 0, 24], [6, 0, 0, 13], circle
[5, 0, 11, 0], [8, 0, 13, 11], [6, 0, 0, 11], [5, 0, 18, 17], [8, 0, 18, 15], [8, 0, 21, 19], [8, 0, 25, 0], [8, 28, 28, 0], [6, 0, 0, 28], [5, 0, 29, 0], [6, 0, 0, 29], [4, 29, 0, 0], [5, 0, 25, 0], [4, 26, 0, 0], [7, 26, 0, 0], [5, 0, 14, 0], [6, 0, 0, 11], circle
[6, 0, 0, 24], [6, 0, 0, 10], [5, 0, 12, 0], [5, 0, 18, 0], [8, 27, 21, 0], [8, 24, 25, 0], [8, 26, 26, 0], [6, 0, 0, 27], [6, 0, 0, 21], [6, 0, 0, 18], [6, 0, 0, 11], [6, 0, 0, 10], [6, 0, 0, 8], [9, 0, 0, 13], [6, 0, 0, 11], circle
[5, 0, 18, 0], [8, 0, 21, 24], [8, 0, 25, 26], [9, 0, 0, 29], [5, 0, 29, 0], circle
[6, 0, 0, 25], circle
[6, 0, 0, 25], [6, 0, 0, 22], [6, 0, 0, 18], [6, 0, 0, 13], [6, 0, 0, 11], circle
[6, 0, 0, 10], [6, 0, 0, 13], [9, 0, 0, 17], [5, 0, 27, 0], [8, 0, 29, 0], [5, 0, 26, 0], [8, 0, 29, 27], [5, 0, 29, 0], [5, 0, 28, 0], circle
[6, 0, 0, 29], [6, 0, 0, 26], [6, 0, 0, 10], circle
[5, 0, 12, 0], [6, 0, 0, 11], [9, 0, 0, 15], [9, 0, 0, 15], [9, 0, 0, 18], [5, 0, 21, 0], [8, 0, 27, 0], [8, 0, 27, 0], [6, 0, 0, 28], [5, 0, 28, 0], circle
[4, 15, 0, 0], [5, 0, 28, 0], [6, 0, 0, 29], [6, 0, 0, 26], [6, 0, 0, 21], circle
[5, 0, 13, 0], [5, 0, 9, 0], [6, 0, 0, 11], [6, 0, 0, 11], [5, 0, 29, 20], [5, 0, 26, 24], [8, 0, 26, 0], [4, 30, 0, 0], [4, 18, 0, 0], [5, 0, 12, 0], [5, 0, 8, 0], [5, 0, 9, 0], [5, 0, 11, 0], circle
[5, 0, 27, 0], [6, 0, 0, 25], [5, 0, 27, 28], [6, 0, 0, 14], circle
[5, 0, 27, 0], [5, 0, 13, 12], [6, 0, 0, 10], [6, 0, 0, 11], [9, 0, 0, 14], [9, 0, 0, 19], [9, 0, 0, 23], [9, 0, 0, 25], [5, 0, 29, 0], [5, 0, 28, 0], [6, 0, 0, 6], [6, 0, 0, 8], circle
[5, 0, 29, 0], [6, 0, 0, 27], [5, 0, 29, 0], [6, 0, 0, 21], [5, 0, 16, 0], circle
[6, 0, 0, 11], [6, 0, 0, 7], [6, 0, 0, 9], [9, 0, 0, 14], [9, 0, 0, 14], [9, 0, 0, 16], [6, 0, 0, 25], [5, 0, 25, 0], [8, 0, 23, 0], [5, 0, 20, 0], [6, 0, 0, 6], [3, 0, 0, 5], [6, 0, 0, 6], circle
[5, 0, 27, 0], [5, 0, 23, 0], [5, 0, 27, 0], [5, 0, 29, 0], [6, 0, 0, 29], [6, 0, 0, 25], [5, 0, 29, 0], [6, 0, 0, 19], [5, 0, 15, 0], circle
[6, 0, 0, 28], [5, 0, 26, 0], [5, 0, 17, 0], [6, 0, 0, 11], [6, 0, 0, 10], [9, 0, 0, 14], [9, 0, 0, 16], [9, 0, 0, 23], [9, 0, 0, 23], [9, 0, 0, 27], [6, 0, 0, 29], [5, 0, 29, 0], [8, 0, 27, 0], [8, 0, 25, 0], [5, 0, 13, 0], [5, 0, 10, 0], [5, 0, 7, 0], [6, 0, 0, 10], [6, 0, 0, 11], [6, 0, 0, 11], [6, 0, 0, 11], [9, 0, 0, 16], circle
[4, 29, 0, 0], [5, 0, 28, 24], [8, 0, 29, 22], [5, 0, 26, 0], [6, 0, 0, 21], circle
[5, 0, 18, 0], [5, 0, 14, 0], [5, 0, 11, 0], [6, 0, 0, 9], [6, 0, 0, 11], [9, 0, 0, 13], [9, 0, 0, 16], [9, 0, 0, 21], [5, 0, 26, 0], [6, 0, 0, 27], [5, 0, 24, 0], [8, 0, 29, 0], [4, 18, 0, 0], circle
[5, 0, 19, 0], [5, 0, 24, 0], [8, 0, 27, 0], [6, 0, 0, 25], [5, 0, 26, 19], [6, 0, 0, 15], [9, 0, 0, 13], circle
[5, 0, 8, 0], [6, 0, 0, 11], [9, 0, 0, 15], [9, 0, 0, 21], [9, 0, 0, 25], [5, 0, 28, 24], [4, 29, 0, 0], [5, 0, 29, 0], [8, 0, 27, 0], [4, 17, 0, 0], [4, 14, 0, 0], circle
[5, 0, 9, 0], [4, 7, 0, 0], [4, 10, 0, 0], [7, 15, 0, 0], [5, 20, 21, 0], [7, 23, 0, 0], [7, 28, 0, 0], [5, 0, 29, 0], [5, 0, 27, 27], [8, 0, 25, 19], [6, 0, 0, 13], [5, 0, 5, 0], [5, 0, 8, 0], circle
[5, 0, 10, 0], [5, 0, 9, 0], [4, 23, 0, 0], [6, 0, 0, 23], [5, 0, 24, 0], [6, 0, 0, 14], [6, 0, 0, 10], circle
[4, 17, 0, 0], [5, 23, 23, 0], [7, 26, 0, 0], [7, 28, 0, 0], [5, 0, 28, 0], [8, 0, 27, 0], [5, 0, 27, 26], [8, 0, 27, 21], [9, 0, 0, 21], [6, 0, 0, 17], [6, 0, 0, 14], [6, 0, 0, 11], [6, 0, 0, 11], circle
[6, 0, 0, 15], [5, 0, 29, 24], [8, 0, 27, 0], [8, 0, 28, 0], [8, 0, 28, 27], circle
[5, 0, 13, 0], [5, 0, 21, 0], [8, 0, 24, 23], [8, 28, 25, 24], [8, 0, 26, 0], [5, 0, 28, 0], circle
[6, 0, 0, 11], [5, 0, 26, 0], [6, 0, 0, 26], [6, 0, 0, 8], circle
[5, 0, 8, 0], [5, 0, 11, 0], [5, 0, 11, 0], [8, 0, 15, 13], [8, 0, 20, 17], [8, 0, 20, 0], [6, 0, 0, 23], [5, 0, 27, 0], [5, 0, 27, 0], [8, 29, 26, 0], [5, 24, 26, 0], [5, 0, 13, 0], [5, 0, 12, 0], circle
[6, 0, 0, 26], circle
[5, 0, 9, 0], [5, 0, 8, 0], [8, 0, 14, 0], [6, 0, 0, 16], [5, 0, 24, 0], [5, 0, 27, 0], [8, 0, 28, 0], [5, 0, 29, 0], [4, 13, 0, 0], [5, 0, 8, 0], [5, 0, 7, 0], [5, 0, 8, 0], circle
[5, 0, 28, 0], [8, 0, 28, 0], [6, 0, 0, 27], [5, 0, 27, 0], [6, 0, 0, 13], [6, 0, 0, 12], circle
[5, 0, 28, 0], [5, 0, 29, 0], [6, 0, 0, 8], [6, 0, 0, 10], [6, 0, 0, 16], [9, 0, 0, 20], [9, 0, 0, 21], [6, 0, 0, 29], [9, 0, 0, 27], [5, 0, 29, 26], [5, 0, 27, 0], [5, 0, 22, 0], [8, 0, 20, 0], [6, 0, 0, 9], [6, 0, 0, 8], circle
[5, 0, 27, 0], [6, 0, 0, 14], [9, 0, 0, 13], circle
[6, 0, 0, 9], [6, 0, 0, 7], [6, 0, 0, 9], [6, 0, 0, 10], [9, 0, 0, 13], [6, 0, 0, 19], [5, 0, 29, 20], [6, 0, 0, 24], [9, 0, 0, 28], [9, 0, 0, 28], [5, 0, 29, 28], [5, 0, 26, 0], [6, 0, 0, 7], [6, 0, 0, 7], circle
[5, 0, 29, 0], [4, 26, 0, 0], [5, 0, 27, 27], [8, 0, 27, 0], [6, 0, 0, 29], [5, 0, 29, 0], [6, 0, 0, 14], circle
[6, 0, 0, 5], [6, 0, 0, 6], [6, 0, 0, 14], [9, 0, 0, 18], [5, 0, 27, 0], [8, 0, 26, 0], [6, 0, 0, 25], [9, 0, 0, 26], [5, 0, 29, 26], [6, 0, 0, 27], [5, 29, 27, 0], [5, 0, 24, 0], [6, 0, 0, 6], [6, 0, 0, 6], circle
[4, 8, 0, 0], [4, 11, 0, 0], [7, 14, 0, 0], [7, 17, 0, 0], [5, 20, 29, 0], [7, 25, 0, 0], [7, 28, 0, 0], [5, 28, 24, 0], [8, 0, 24, 24], [8, 27, 22, 0], [5, 0, 16, 0], [5, 0, 9, 0], circle
[6, 0, 0, 5], [6, 0, 0, 6], [6, 0, 0, 10], [9, 0, 0, 16], [9, 0, 0, 16], [9, 0, 0, 20], [5, 0, 28, 22], [8, 0, 28, 0], [8, 0, 29, 29], [8, 0, 28, 0], [5, 0, 28, 0], [8, 0, 27, 0], [4, 27, 0, 0], [5, 0, 11, 0], [6, 0, 0, 7], [3, 0, 0, 5], circle
[4, 8, 0, 0], [4, 11, 0, 0], [4, 21, 0, 0], [7, 25, 0, 0], [7, 27, 0, 0], [5, 0, 28, 0], [5, 0, 27, 21], [5, 0, 23, 0], [8, 0, 21, 0], [5, 0, 11, 0], circle
[6, 0, 0, 7], [6, 0, 0, 21], [5, 0, 28, 0], [6, 0, 0, 27], [6, 0, 0, 29], [6, 0, 0, 9], circle
[5, 0, 12, 0], [5, 0, 9, 0], [5, 0, 19, 0], [8, 0, 23, 0], [8, 0, 27, 0], [5, 0, 29, 0], [6, 0, 0, 29], [5, 0, 29, 0], [6, 0, 0, 25], [6, 0, 0, 21], [6, 0, 0, 17], [9, 0, 0, 15], [5, 0, 9, 0], circle
[6, 0, 0, 10], [6, 0, 0, 21], [9, 0, 0, 19], [9, 0, 0, 23], [9, 0, 0, 25], [5, 0, 29, 26], [8, 0, 29, 0], [5, 0, 28, 26], [5, 0, 24, 0], circle
[5, 27, 27, 0], [5, 0, 29, 0], [6, 0, 0, 18], circle
[5, 0, 27, 0], [6, 0, 0, 10], [9, 0, 0, 13], [9, 0, 0, 20], [9, 0, 0, 22], [5, 0, 27, 27], [8, 0, 28, 0], circle
[6, 0, 0, 7], circle
[6, 0, 0, 15], circle
[5, 0, 28, 0], [6, 0, 0, 25], [5, 0, 27, 20], [6, 0, 0, 14], [6, 0, 0, 12], circle
[6, 0, 0, 16], [9, 0, 0, 18], [9, 0, 0, 22], [5, 0, 28, 29], [9, 0, 0, 29], circle
[6, 0, 0, 27], [6, 0, 0, 18], circle
[5, 0, 29, 29], [6, 0, 0, 21], [6, 0, 0, 18], [6, 0, 0, 10], circle
[6, 0, 0, 28], [6, 0, 0, 29], [5, 0, 9, 0], circle
[6, 0, 0, 27], [5, 0, 7, 0], [5, 0, 11, 0], [8, 0, 15, 0], [4, 19, 0, 0], [5, 23, 28, 0], [7, 29, 0, 0], [5, 0, 28, 24], [6, 0, 0, 18], circle
