[4, 26, 0, 0], [4, 21, 0, 0], [7, 19, 0, 0], [4, 10, 0, 0], [4, 6, 0, 0], [4, 7, 0, 0], [4, 6, 0, 0], [4, 9, 0, 0], swipeDown
[5, 0, 21, 21], [6, 0, 0, 15], [6, 0, 0, 9], [3, 0, 0, 4], [3, 0, 0, 4], [6, 0, 0, 7], swipeDown
[5, 0, 22, 0], [4, 25, 0, 0], [5, 26, 24, 0], [5, 0, 18, 0], [5, 0, 14, 0], [5, 0, 7, 0], [2, 0, 5, 0], [5, 0, 7, 0], swipeDown
[5, 0, 24, 0], [8, 19, 24, 0], [4, 13, 0, 0], [4, 9, 0, 0], [1, 5, 0, 0], [1, 5, 0, 0], [1, 4, 0, 0], swipeDown
[5, 0, 28, 0], [5, 0, 22, 0], [6, 0, 0, 16], [6, 0, 0, 11], [6, 0, 0, 8], [6, 0, 0, 6], [6, 0, 0, 6], [3, 0, 0, 4], swipeDown
[5, 21, 24, 0], [5, 0, 27, 0], [8, 26, 26, 0], [7, 25, 0, 0], [5, 22, 22, 0], [5, 0, 19, 0], [5, 0, 11, 0], [5, 0, 8, 0], [2, 0, 4, 0], swipeDown
[4, 25, 0, 0], [7, 27, 0, 0], [5, 23, 25, 0], [4, 17, 0, 0], [4, 8, 0, 0], [1, 4, 0, 0], [1, 3, 0, 0], [4, 6, 0, 0], [1, 4, 0, 0], [1, 5, 0, 0], swipeDown
[8, 0, 23, 0], [5, 0, 19, 0], [6, 0, 0, 12], [5, 0, 11, 9], [3, 0, 0, 5], [3, 0, 0, 5], swipeDown
[7, 23, 0, 0], [7, 26, 0, 0], [7, 25, 0, 0], [5, 0, 28, 0], [5, 0, 24, 0], [4, 18, 0, 0], [4, 14, 0, 0], [4, 9, 0, 0], [1, 5, 0, 0], [4, 8, 0, 0], [4, 8, 0, 0], swipeDown
[5, 0, 25, 26], [8, 0, 23, 0], [5, 0, 24, 25], [5, 0, 18, 21], [6, 0, 0, 18], [5, 0, 13, 8], swipeDown
[8, 0, 22, 23], [9, 0, 0, 28], [5, 0, 22, 0], [8, 0, 23, 0], [6, 0, 0, 16], [6, 0, 0, 12], swipeDown
[5, 24, 29, 0], [4, 20, 0, 0], swipeDown
[8, 20, 21, 0], [5, 0, 24, 0], [5, 0, 28, 0], [5, 20, 22, 0], [4, 17, 0, 0], [5, 0, 9, 0], [5, 0, 6, 0], [2, 0, 5, 0], [2, 0, 5, 0], [5, 0, 7, 0], [5, 0, 8, 0], [5, 0, 11, 0], swipeDown
[6, 0, 0, 21], [6, 0, 0, 23], [6, 0, 0, 14], swipeDown
[5, 24, 27, 0], [7, 24, 0, 0], [4, 14, 0, 0], [4, 11, 0, 0], [1, 5, 0, 0], [1, 4, 0, 0], [4, 6, 0, 0], [1, 4, 0, 0], [4, 6, 0, 0], [4, 10, 0, 0], [7, 13, 0, 0], swipeDown
[5, 0, 26, 0], [5, 0, 17, 0], [5, 0, 10, 0], [5, 0, 7, 0], [2, 8, 5, 0], [5, 8, 7, 0], [5, 0, 7, 0], [5, 11, 9, 0], [5, 12, 7, 0], [5, 13, 8, 0], [5, 0, 7, 0], swipeDown
[8, 21, 21, 0], [8, 0, 24, 29], [5, 0, 28, 0], [8, 0, 28, 0], [8, 0, 26, 0], [5, 0, 20, 0], [5, 19, 15, 0], [5, 16, 9, 0], [5, 0, 8, 0], [5, 0, 6, 0], [2, 0, 5, 0], [2, 0, 4, 0], [2, 0, 5, 0], [5, 0, 8, 0], swipeDown
[8, 0, 26, 0], [5, 0, 25, 0], [6, 0, 0, 21], [6, 0, 0, 15], [6, 0, 0, 10], [6, 0, 0, 6], [6, 0, 0, 8], [6, 0, 0, 8], swipeDown
[4, 27, 0, 0], [5, 0, 29, 0], [4, 28, 0, 0], [7, 29, 0, 0], [5, 24, 26, 0], [4, 16, 0, 0], [4, 13, 0, 0], [4, 8, 0, 0], [4, 6, 0, 0], [1, 5, 0, 0], [4, 6, 0, 0], swipeDown
[5, 26, 26, 0], [8, 0, 25, 0], [4, 26, 0, 0], [7, 28, 0, 0], [4, 24, 0, 0], [5, 19, 19, 19], [5, 0, 13, 0], [5, 0, 8, 0], [5, 0, 6, 0], [2, 0, 5, 0], [2, 0, 5, 0], swipeDown
[8, 0, 29, 28], [5, 0, 24, 0], [6, 0, 0, 12], [6, 0, 0, 7], [6, 0, 0, 8], [6, 0, 0, 8], swipeDown
[8, 25, 27, 0], [8, 0, 27, 0], [4, 26, 0, 0], [4, 23, 0, 0], [5, 17, 18, 0], [5, 0, 11, 0], [2, 0, 5, 0], [2, 0, 4, 0], [2, 0, 3, 0], [2, 0, 4, 0], swipeDown
[4, 28, 0, 0], [4, 27, 0, 0], [4, 24, 0, 0], [5, 0, 21, 0], [4, 6, 0, 0], [1, 4, 0, 0], [4, 6, 0, 0], [4, 8, 0, 0], swipeDown
[5, 0, 19, 0], [5, 0, 13, 0], [5, 0, 8, 0], [5, 0, 6, 0], [5, 0, 6, 0], [5, 0, 7, 0], [6, 0, 0, 27], [6, 0, 0, 20], swipeDown
[8, 0, 22, 23], [5, 0, 27, 0], [6, 0, 0, 21], [5, 0, 18, 14], [5, 0, 10, 11], [5, 0, 6, 7], [2, 0, 4, 5], [2, 0, 4, 5], [2, 0, 5, 5], [5, 0, 6, 8], [5, 0, 10, 9], [4, 29, 0, 0], [4, 24, 0, 0], [5, 19, 21, 0], swipeDown
, swipeDown
[5, 11, 8, 0], [5, 0, 7, 0], [2, 0, 5, 0], [5, 0, 7, 0], [5, 0, 9, 0], [5, 0, 9, 0], [5, 0, 10, 0], [6, 0, 0, 15], [5, 0, 20, 0], [5, 0, 30, 0], [5, 0, 27, 0], [6, 0, 0, 21], [9, 0, 0, 19], [6, 0, 0, 12], [6, 0, 0, 8], [6, 0, 0, 8], [3, 0, 0, 5], [6, 0, 0, 6], [6, 0, 0, 10], swipeDown
, swipeDown
[6, 0, 0, 10], swipeDown
[6, 0, 0, 15], [9, 0, 0, 19], swipeDown
[5, 0, 16, 14], [5, 0, 10, 8], [5, 0, 8, 7], [5, 0, 7, 7], [5, 0, 7, 8], [6, 0, 0, 9], [5, 0, 12, 13], [6, 0, 0, 10], [6, 0, 0, 28], [5, 0, 24, 28], [6, 0, 0, 8], [6, 0, 0, 7], [3, 0, 0, 4], [3, 0, 0, 5], [6, 0, 0, 7], [6, 0, 0, 7], swipeDown
, swipeDown
[6, 0, 0, 23], [9, 0, 0, 25], [5, 0, 27, 0], [4, 29, 0, 0], [5, 0, 27, 0], [8, 0, 28, 0], [5, 0, 20, 0], [5, 0, 16, 0], [5, 0, 9, 10], [5, 0, 8, 8], [5, 0, 7, 8], [5, 0, 8, 9], [5, 0, 9, 11], swipeDown
[8, 0, 29, 29], [6, 0, 0, 18], [6, 0, 0, 15], [6, 0, 0, 10], [6, 0, 0, 8], [6, 0, 0, 10], [5, 0, 19, 0], [8, 0, 24, 0], [8, 23, 28, 0], [4, 29, 0, 0], swipeDown
[4, 16, 0, 0], [4, 12, 0, 0], [4, 5, 0, 0], [1, 5, 0, 0], [4, 7, 0, 0], [5, 0, 29, 0], [5, 28, 30, 0], [5, 24, 26, 0], [5, 0, 12, 0], [5, 0, 8, 0], [5, 0, 7, 0], [5, 0, 9, 0], swipeDown
[5, 0, 27, 0], [5, 0, 22, 20], [6, 0, 0, 15], [6, 0, 0, 8], [6, 0, 0, 6], [6, 0, 0, 8], [6, 0, 0, 10], swipeDown
[4, 24, 0, 0], [5, 0, 27, 0], [5, 0, 24, 0], [5, 22, 20, 0], [5, 0, 16, 0], [5, 0, 8, 0], [5, 0, 8, 0], [5, 0, 8, 0], [5, 0, 7, 0], [5, 0, 9, 0], swipeDown
, swipeDown
[4, 24, 0, 0], swipeDown
[4, 21, 0, 0], [4, 8, 0, 0], [4, 8, 0, 0], [7, 13, 0, 0], [4, 10, 0, 0], [5, 0, 25, 0], [4, 28, 0, 0], [5, 0, 28, 0], [5, 0, 22, 0], [5, 0, 15, 15], swipeDown
[5, 0, 7, 0], [5, 0, 9, 0], [5, 0, 7, 0], [5, 0, 13, 0], [5, 0, 26, 29], [6, 0, 0, 26], [6, 0, 0, 20], [6, 0, 0, 15], swipeDown
[8, 0, 29, 0], [4, 27, 0, 0], [7, 28, 0, 0], [5, 24, 17, 0], [5, 0, 10, 0], [5, 0, 11, 0], [5, 0, 7, 0], [5, 0, 8, 0], [5, 0, 12, 0], [4, 29, 0, 0], swipeDown
[4, 16, 0, 0], [4, 11, 0, 0], [7, 14, 0, 0], [4, 11, 0, 0], [7, 15, 0, 0], [5, 0, 29, 0], [6, 0, 0, 18], [6, 0, 0, 10], swipeDown
[4, 27, 0, 0], [7, 28, 0, 0], [7, 30, 0, 0], [5, 29, 27, 0], [5, 0, 24, 0], [5, 29, 16, 0], [5, 0, 8, 0], [5, 0, 6, 0], [5, 27, 29, 0], [4, 28, 0, 0], swipeDown
, swipeDown
[4, 9, 0, 0], [4, 9, 0, 0], [4, 9, 0, 0], [5, 28, 25, 0], [5, 0, 14, 0], [8, 0, 13, 0], [5, 0, 7, 0], [5, 0, 8, 0], [5, 0, 7, 0], swipeDown
[6, 0, 0, 5], [3, 0, 0, 4], [3, 0, 0, 5], [6, 0, 0, 6], [5, 0, 20, 0], [8, 0, 20, 0], [4, 26, 0, 0], [5, 0, 29, 0], [8, 0, 28, 0], [4, 27, 0, 0], [5, 0, 22, 0], [5, 0, 11, 0], [5, 0, 8, 0], [2, 0, 5, 0], [2, 0, 5, 0], [2, 0, 5, 0], [5, 0, 10, 0], swipeDown
[4, 29, 0, 0], [4, 21, 0, 0], [7, 21, 0, 0], [4, 13, 0, 0], [4, 8, 0, 0], [4, 6, 0, 0], [4, 7, 0, 0], [4, 9, 0, 0], [4, 8, 0, 0], [4, 10, 0, 0], [4, 19, 0, 0], [5, 0, 22, 0], [8, 0, 25, 0], [8, 27, 28, 0], [8, 0, 28, 0], [5, 0, 23, 0], [5, 0, 19, 18], swipeDown
, swipeDown
[6, 0, 0, 9], swipeDown
[6, 0, 0, 7], [6, 0, 0, 8], [6, 0, 0, 8], [6, 0, 0, 9], [6, 0, 0, 8], [5, 0, 21, 0], [4, 23, 0, 0], [7, 29, 0, 0], [5, 29, 25, 0], [5, 19, 14, 0], [5, 0, 12, 0], [5, 0, 10, 0], [5, 0, 9, 0], [8, 0, 13, 0], swipeDown
[4, 24, 0, 0], [4, 25, 0, 0], [4, 22, 0, 0], [7, 22, 0, 0], [4, 14, 0, 0], [4, 10, 0, 0], [4, 9, 0, 0], [4, 8, 0, 0], [4, 10, 0, 0], [7, 15, 0, 0], [5, 0, 27, 0], swipeDown
[6, 0, 0, 26], [6, 0, 0, 21], [6, 0, 0, 13], [6, 0, 0, 10], [6, 0, 0, 8], [6, 0, 0, 8], [6, 0, 0, 8], [6, 0, 0, 9], [6, 0, 0, 9], [5, 0, 19, 0], [8, 0, 24, 0], [4, 25, 0, 0], [7, 29, 0, 0], [5, 0, 29, 0], [5, 27, 25, 0], [5, 19, 14, 0], [5, 0, 12, 0], swipeDown
, swipeDown
[5, 0, 7, 0], [2, 0, 5, 0], [5, 0, 7, 0], [8, 0, 17, 0], [5, 20, 25, 0], [7, 25, 0, 0], [4, 29, 0, 0], [5, 0, 29, 0], [4, 17, 0, 0], [4, 10, 0, 0], [1, 5, 0, 0], [1, 4, 0, 0], [1, 5, 0, 0], swipeDown
[8, 0, 26, 0], [8, 0, 29, 0], [8, 0, 29, 0], [5, 0, 26, 0], [4, 26, 0, 0], [5, 0, 19, 23], [6, 0, 0, 11], [6, 0, 0, 7], swipeDown
[4, 16, 0, 0], [4, 7, 0, 0], [1, 5, 0, 0], [5, 0, 23, 0], [8, 0, 25, 0], [6, 0, 0, 17], [6, 0, 0, 9], [3, 0, 0, 4], swipeDown
[4, 29, 0, 0], [7, 28, 0, 0], [5, 24, 19, 0], [5, 18, 11, 0], [5, 0, 7, 0], [5, 0, 5, 0], [4, 29, 0, 0], swipeDown
[4, 23, 0, 0], [4, 8, 0, 0], [1, 5, 0, 0], [1, 4, 0, 0], [1, 5, 0, 0], [5, 0, 29, 0], [5, 0, 25, 0], [8, 29, 27, 0], [7, 28, 0, 0], [5, 0, 24, 22], [5, 0, 21, 21], [6, 0, 0, 15], swipeDown
, swipeDown
[5, 0, 23, 0], [8, 26, 27, 0], [8, 0, 27, 0], [5, 0, 27, 0], [5, 0, 19, 0], [5, 0, 14, 0], swipeDown
[5, 27, 27, 0], [4, 29, 0, 0], [4, 15, 0, 0], [4, 10, 0, 0], [1, 5, 0, 0], [1, 5, 0, 0], [1, 5, 0, 0], [4, 8, 0, 0], [4, 11, 0, 0], [5, 0, 27, 0], [5, 26, 28, 0], swipeDown
[5, 0, 15, 0], [5, 0, 9, 0], [5, 0, 7, 0], [5, 0, 11, 0], [5, 0, 21, 21], [6, 0, 0, 16], [6, 0, 0, 12], swipeDown
[8, 21, 27, 0], [4, 25, 0, 0], [4, 21, 0, 0], [5, 18, 18, 0], [4, 11, 0, 0], [1, 5, 0, 0], [1, 4, 0, 0], [4, 5, 0, 0], [4, 6, 0, 0], [5, 28, 26, 0], [8, 0, 26, 0], [4, 27, 0, 0], [5, 0, 28, 0], [5, 0, 25, 0], [4, 28, 0, 0], [5, 18, 18, 0], [5, 0, 13, 0], swipeDown
[2, 0, 3, 0], [5, 0, 6, 0], [2, 0, 5, 0], [2, 0, 5, 0], [5, 0, 18, 0], [8, 0, 26, 0], [9, 0, 0, 22], [5, 0, 20, 20], [6, 0, 0, 10], [6, 0, 0, 6], swipeDown
[8, 0, 29, 0], [5, 24, 26, 0], [8, 0, 29, 0], [4, 26, 0, 0], [5, 25, 23, 0], [5, 0, 18, 0], [5, 0, 13, 0], [5, 0, 8, 0], [2, 0, 5, 0], [2, 0, 4, 0], [2, 0, 4, 0], [2, 0, 5, 0], [2, 0, 5, 0], [5, 21, 23, 0], [8, 29, 26, 0], [4, 26, 0, 0], [4, 22, 0, 0], [5, 27, 22, 0], [5, 15, 18, 0], [4, 10, 0, 0], [4, 6, 0, 0], swipeDown
, swipeDown
[1, 4, 0, 0], swipeDown
[1, 5, 0, 0], [4, 8, 0, 0], [5, 0, 22, 0], [8, 25, 23, 0], [5, 0, 24, 26], [8, 0, 26, 0], [8, 0, 24, 0], [5, 0, 18, 16], [6, 0, 0, 11], [6, 0, 0, 6], [3, 0, 0, 5], [3, 0, 0, 5], [6, 0, 0, 8], [6, 0, 0, 11], [6, 0, 0, 11], swipeDown
[8, 0, 24, 0], [4, 23, 0, 0], [7, 27, 0, 0], [7, 27, 0, 0], [4, 23, 0, 0], [5, 17, 15, 0], [5, 0, 10, 0], [2, 0, 5, 0], [2, 0, 4, 0], [2, 0, 5, 0], [5, 0, 6, 0], [5, 0, 8, 0], [5, 0, 20, 0], [8, 0, 25, 0], [5, 0, 30, 0], [4, 26, 0, 0], [7, 29, 0, 0], [5, 0, 29, 0], [4, 20, 0, 0], [4, 17, 0, 0], swipeDown
, swipeDown
[1, 4, 0, 0], swipeDown
[1, 4, 0, 0], swipeDown
[4, 6, 0, 0], swipeDown
[4, 9, 0, 0], swipeDown
[7, 13, 0, 0], swipeDown
[5, 0, 19, 0], [8, 0, 18, 0], [5, 0, 24, 0], [4, 26, 0, 0], [5, 0, 27, 0], [5, 22, 18, 0], [5, 20, 14, 15], [5, 0, 11, 11], [6, 0, 0, 7], [6, 0, 0, 7], [6, 0, 0, 8], [6, 0, 0, 12], swipeDown
[5, 0, 29, 0], [6, 0, 0, 27], swipeDown
[8, 0, 21, 25], [5, 0, 26, 0], [8, 0, 26, 0], [8, 0, 24, 0], [5, 0, 19, 0], [5, 0, 14, 14], [5, 0, 8, 0], [5, 0, 24, 0], [8, 0, 26, 0], [8, 26, 27, 0], [7, 26, 0, 0], [5, 24, 27, 0], [5, 27, 24, 0], swipeDown
, swipeDown
[4, 17, 0, 0], swipeDown
[4, 8, 0, 0], swipeDown
[1, 5, 0, 0], swipeDown
[1, 4, 0, 0], swipeDown
[4, 6, 0, 0], swipeDown
[4, 11, 0, 0], swipeDown
[5, 0, 20, 0], [8, 0, 20, 0], [8, 0, 22, 0], [8, 0, 25, 0], [8, 0, 24, 0], [8, 0, 25, 0], [5, 0, 27, 0], [5, 0, 19, 0], [5, 0, 14, 13], [6, 0, 0, 8], [6, 0, 0, 6], [6, 0, 0, 6], swipeDown
[6, 0, 0, 22], [6, 0, 0, 25], swipeDown
[4, 22, 0, 0], [5, 0, 27, 0], [5, 20, 21, 0], [4, 14, 0, 0], [4, 6, 0, 0], [1, 4, 0, 0], [4, 6, 0, 0], [4, 9, 0, 0], [5, 0, 23, 0], [5, 29, 28, 0], [5, 0, 24, 0], [5, 23, 19, 0], swipeDown
[5, 0, 10, 0], [5, 0, 7, 0], [5, 0, 7, 0], [5, 0, 8, 0], [6, 0, 0, 19], [5, 0, 25, 23], [6, 0, 0, 11], swipeDown
[5, 0, 24, 0], [8, 0, 23, 0], [8, 0, 22, 0], [8, 0, 23, 21], [5, 0, 13, 0], [5, 0, 8, 0], [4, 25, 0, 0], [5, 0, 25, 0], [5, 19, 21, 0], [4, 16, 0, 0], swipeDown
, swipeDown
[4, 6, 0, 0], swipeDown
[4, 6, 0, 0], [4, 7, 0, 0], [5, 0, 18, 0], [8, 0, 23, 26], [5, 0, 24, 0], [8, 0, 24, 0], [8, 28, 24, 0], [5, 0, 22, 18], [5, 0, 15, 13], [6, 0, 0, 8], [6, 0, 0, 6], [6, 0, 0, 6], [6, 0, 0, 6], swipeDown
, swipeDown
[6, 0, 0, 21], [5, 0, 21, 0], [8, 0, 26, 23], [6, 0, 0, 13], swipeDown
[4, 24, 0, 0], [5, 0, 27, 0], [4, 20, 0, 0], [7, 18, 0, 0], [4, 14, 0, 0], [4, 7, 0, 0], [1, 4, 0, 0], [4, 7, 0, 0], [4, 7, 0, 0], [5, 0, 19, 0], [5, 0, 24, 0], [5, 0, 18, 0], [5, 0, 10, 0], [5, 0, 7, 0], swipeDown
, swipeDown
[2, 0, 3, 0], swipeDown
[2, 0, 5, 0], [5, 0, 8, 0], [5, 0, 24, 23], [9, 0, 0, 23], [5, 0, 22, 0], [5, 0, 19, 15], [6, 0, 0, 7], swipeDown
[8, 20, 22, 0], [8, 21, 21, 0], [8, 0, 19, 0], [8, 18, 18, 0], [5, 0, 10, 0], [5, 0, 6, 0], [5, 0, 4, 0], [5, 0, 28, 0], [4, 24, 0, 0], [4, 18, 0, 0], [4, 13, 0, 0], swipeDown
, swipeDown
[1, 5, 0, 0], swipeDown
[1, 5, 0, 0], swipeDown
[4, 8, 0, 0], swipeDown
[4, 12, 0, 0], swipeDown
[7, 13, 0, 0], swipeDown
[5, 20, 21, 0], [8, 24, 24, 0], [8, 0, 25, 0], [8, 24, 27, 0], [5, 21, 22, 0], [5, 20, 19, 0], [5, 0, 13, 0], [5, 0, 10, 0], [5, 0, 7, 0], [2, 0, 5, 0], [2, 0, 5, 0], [5, 0, 7, 0], [5, 0, 9, 0], swipeDown
[5, 0, 23, 0], [6, 0, 0, 14], [6, 0, 0, 9], [6, 0, 0, 6], [5, 0, 18, 0], [5, 0, 14, 0], swipeDown
[2, 0, 5, 0], [2, 0, 5, 0], [5, 0, 6, 0], [5, 0, 13, 0], [5, 23, 29, 0], [5, 22, 25, 0], [8, 19, 24, 0], [7, 17, 0, 0], [4, 12, 0, 0], [4, 7, 0, 0], [1, 5, 0, 0], [1, 4, 0, 0], [4, 6, 0, 0], swipeDown
[8, 0, 20, 22], [6, 0, 0, 18], [6, 0, 0, 13], [6, 0, 0, 8], [6, 0, 0, 7], [6, 0, 0, 8], [6, 0, 0, 8], [6, 0, 0, 11], swipeDown
[5, 22, 27, 0], [4, 16, 0, 0], [7, 19, 0, 0], [4, 8, 0, 0], [1, 5, 0, 0], [1, 5, 0, 0], [1, 5, 0, 0], [4, 8, 0, 0], swipeDown
[5, 0, 28, 0], [8, 0, 27, 0], [8, 0, 26, 0], [5, 0, 19, 0], [5, 18, 14, 0], [5, 10, 8, 0], [5, 9, 8, 0], [5, 8, 6, 0], [5, 9, 7, 0], [5, 0, 9, 0], [5, 0, 10, 0], [5, 0, 10, 0], swipeDown
[8, 0, 20, 0], [8, 0, 24, 0], [4, 29, 0, 0], [5, 0, 25, 0], [5, 0, 16, 0], [5, 17, 11, 0], [5, 11, 6, 0], [2, 11, 5, 0], [5, 0, 8, 0], [5, 0, 8, 11], [5, 0, 9, 0], [5, 0, 9, 0], [8, 0, 13, 0], swipeDown
[8, 0, 26, 0], [5, 0, 28, 0], [6, 0, 0, 16], swipeDown
[5, 0, 24, 0], [4, 25, 0, 0], [5, 22, 19, 0], [5, 0, 13, 0], [5, 0, 7, 0], [2, 0, 5, 0], [5, 0, 8, 0], swipeDown
[5, 0, 22, 0], [4, 15, 0, 0], [7, 13, 0, 0], [4, 7, 0, 0], [4, 6, 0, 0], [4, 8, 0, 0], swipeDown
[5, 0, 29, 0], [5, 27, 26, 0], [8, 27, 24, 0], [8, 24, 23, 0], [5, 24, 18, 0], [5, 17, 11, 0], [5, 0, 6, 0], [5, 0, 7, 0], swipeDown
[6, 0, 0, 27], [5, 30, 29, 0], [7, 29, 0, 0], [4, 29, 0, 0], [5, 0, 24, 0], [5, 0, 16, 14], [6, 0, 0, 9], [6, 0, 0, 9], swipeDown
[4, 24, 0, 0], [5, 19, 19, 0], [4, 15, 0, 0], [4, 11, 0, 0], [4, 6, 0, 0], [4, 12, 0, 0], [4, 10, 0, 0], swipeDown
[8, 0, 27, 0], [8, 0, 29, 0], [6, 0, 0, 25], [6, 0, 0, 16], [6, 0, 0, 8], swipeDown
[4, 27, 0, 0], [5, 30, 26, 0], [4, 27, 0, 0], [5, 21, 14, 0], [5, 0, 10, 0], [5, 0, 8, 0], swipeDown
[8, 0, 26, 0], [4, 28, 0, 0], [7, 30, 0, 0], [4, 19, 0, 0], [4, 12, 0, 0], [4, 4, 0, 0], swipeDown
[8, 0, 23, 0], [8, 22, 24, 0], [8, 26, 23, 0], [8, 0, 27, 0], [5, 0, 24, 0], [8, 0, 24, 0], [5, 18, 19, 0], [5, 0, 12, 0], [5, 0, 8, 0], [2, 0, 5, 0], [2, 0, 5, 0], swipeDown
[5, 23, 27, 0], [5, 0, 24, 0], [5, 0, 22, 0], [5, 0, 15, 11], [5, 0, 8, 5], [3, 0, 0, 3], [3, 0, 0, 4], [6, 0, 0, 9], swipeDown
[6, 0, 0, 20], [5, 0, 15, 10], [6, 0, 0, 8], [6, 0, 0, 7], [6, 0, 0, 7], [6, 0, 0, 8], [6, 0, 0, 8], swipeDown
[4, 23, 0, 0], [7, 22, 0, 0], [4, 28, 0, 0], [5, 0, 29, 0], [8, 27, 28, 0], [4, 24, 0, 0], [4, 21, 0, 0], [5, 14, 17, 0], [4, 12, 0, 0], [4, 8, 0, 0], [5, 6, 9, 0], [5, 11, 9, 0], [5, 0, 10, 0], swipeDown
[8, 26, 29, 0], [7, 28, 0, 0], [7, 29, 0, 0], [5, 0, 30, 0], [5, 0, 24, 0], [4, 21, 0, 0], [5, 0, 11, 0], [5, 0, 7, 0], swipeDown
[6, 0, 0, 23], [5, 0, 14, 12], [6, 0, 0, 7], [6, 0, 0, 9], swipeDown
[5, 0, 21, 0], [4, 14, 0, 0], [4, 9, 0, 0], [4, 6, 0, 0], [4, 6, 0, 0], [4, 8, 0, 0], [7, 13, 0, 0], swipeDown
[7, 27, 0, 0], [7, 29, 0, 0], [4, 26, 0, 0], [4, 28, 0, 0], [5, 21, 22, 0], [4, 9, 0, 0], [1, 5, 0, 0], [4, 6, 0, 0], [4, 10, 0, 0], [4, 10, 0, 0], swipeDown
[5, 28, 23, 0], [8, 0, 21, 0], [5, 0, 13, 0], [5, 0, 9, 0], [5, 0, 7, 0], [5, 0, 7, 0], [5, 0, 8, 0], [5, 0, 8, 0], swipeDown
[6, 0, 0, 29], [5, 30, 26, 0], [7, 28, 0, 0], [5, 0, 26, 0], [8, 0, 24, 0], [8, 0, 24, 19], [6, 0, 0, 13], [6, 0, 0, 7], [3, 0, 0, 5], swipeDown
[8, 0, 29, 0], [4, 27, 0, 0], [4, 21, 0, 0], [5, 19, 19, 0], [7, 27, 0, 0], [4, 7, 0, 0], [1, 5, 0, 0], [4, 6, 0, 0], [4, 7, 0, 0], [5, 0, 17, 0], swipeDown
, swipeDown
[8, 0, 24, 0], swipeDown
[8, 0, 28, 0], [5, 0, 24, 0], [6, 0, 0, 21], [9, 0, 0, 19], [6, 0, 0, 11], [3, 0, 0, 5], swipeDown
[8, 0, 21, 0], [4, 24, 0, 0], [4, 21, 0, 0], [5, 18, 15, 0], [5, 0, 9, 0], [2, 0, 5, 0], [2, 0, 3, 0], swipeDown
[4, 25, 0, 0], [7, 26, 0, 0], [5, 0, 29, 0], [4, 25, 0, 0], [4, 13, 0, 0], [4, 6, 0, 0], [4, 7, 0, 0], [4, 9, 0, 0], swipeDown
[8, 0, 28, 0], [4, 24, 0, 0], [5, 27, 22, 0], [5, 0, 16, 0], [5, 0, 9, 0], [5, 0, 8, 0], [6, 0, 0, 11], swipeDown
[8, 0, 29, 24], [5, 0, 24, 0], [8, 0, 24, 0], [8, 0, 24, 0], [5, 0, 21, 0], [5, 0, 17, 14], [6, 0, 0, 9], [6, 0, 0, 7], [6, 0, 0, 16], swipeDown
