[6, 0, 0, 9], [6, 0, 0, 5], [5, 0, 6, 0], [4, 7, 0, 0], [4, 8, 0, 0], swipeLeft
[5, 0, 13, 0], [5, 0, 10, 0], [4, 9, 0, 0], [4, 11, 0, 0], [7, 15, 0, 0], swipeLeft
[6, 0, 0, 6], [5, 0, 12, 0], [5, 0, 12, 0], [4, 7, 0, 0], [4, 9, 0, 0], swipeLeft
[6, 0, 0, 7], [5, 0, 9, 8], [5, 0, 8, 0], [5, 6, 8, 0], [4, 7, 0, 0], [4, 8, 0, 0], [4, 9, 0, 0], [4, 9, 0, 0], [4, 13, 0, 0], [4, 11, 0, 0], swipeLeft
[6, 0, 0, 12], [5, 0, 16, 12], [8, 0, 15, 0], [4, 12, 0, 0], [7, 13, 0, 0], [7, 14, 0, 0], swipeLeft
[6, 0, 0, 10], [5, 0, 11, 12], [5, 14, 10, 0], [8, 13, 14, 0], [4, 10, 0, 0], [4, 12, 0, 0], [7, 18, 0, 0], swipeLeft
[5, 0, 10, 0], [8, 0, 13, 0], [4, 10, 0, 0], swipeLeft
[5, 0, 12, 0], [8, 10, 13, 0], [4, 9, 0, 0], swipeLeft
[9, 0, 0, 21], [5, 0, 14, 0], [8, 17, 13, 0], [4, 14, 0, 0], [7, 13, 0, 0], [4, 11, 0, 0], [4, 11, 0, 0], [7, 18, 0, 0], [4, 14, 0, 0], [7, 14, 0, 0], [7, 14, 0, 0], [7, 19, 0, 0], swipeLeft
[6, 0, 0, 8], [5, 0, 8, 0], [5, 0, 9, 0], [5, 11, 10, 0], [4, 10, 0, 0], [4, 8, 0, 0], [4, 10, 0, 0], [4, 9, 0, 0], [4, 8, 0, 0], [4, 12, 0, 0], [4, 12, 0, 0], swipeLeft
[5, 0, 9, 0], [4, 21, 0, 0], swipeLeft
[5, 21, 19, 0], [8, 16, 19, 0], [8, 0, 23, 0], [4, 19, 0, 0], [7, 21, 0, 0], [7, 22, 0, 0], [4, 25, 0, 0], [4, 21, 0, 0], swipeLeft
[6, 0, 0, 10], [5, 0, 10, 0], [5, 0, 10, 0], [8, 10, 14, 0], [4, 12, 0, 0], [4, 10, 0, 0], [4, 9, 0, 0], [4, 11, 0, 0], [4, 11, 0, 0], swipeLeft
[5, 0, 10, 0], [5, 9, 11, 0], [4, 9, 0, 0], [4, 12, 0, 0], [4, 11, 0, 0], swipeLeft
[5, 0, 8, 0], [5, 9, 8, 0], [4, 6, 0, 0], [4, 12, 0, 0], swipeLeft
[6, 0, 0, 9], [5, 0, 8, 0], [4, 11, 0, 0], [4, 8, 0, 0], [4, 15, 0, 0], swipeLeft
[5, 0, 15, 0], [8, 13, 15, 0], [4, 10, 0, 0], [7, 16, 0, 0], swipeLeft
[5, 0, 8, 0], [5, 0, 11, 0], [4, 5, 0, 0], [4, 8, 0, 0], swipeLeft
[6, 0, 0, 9], [5, 0, 8, 0], [5, 0, 8, 0], [4, 6, 0, 0], [4, 11, 0, 0], swipeLeft
[6, 0, 0, 8], [5, 0, 7, 0], [4, 10, 0, 0], swipeLeft
[9, 0, 0, 13], [5, 0, 18, 0], [8, 17, 16, 0], [8, 12, 19, 0], [4, 11, 0, 0], [7, 14, 0, 0], [7, 17, 0, 0], swipeLeft
[5, 0, 9, 0], [4, 6, 0, 0], swipeLeft
[9, 0, 0, 15], [5, 0, 12, 0], [8, 16, 15, 0], [4, 9, 0, 0], swipeLeft
[6, 0, 0, 7], [5, 0, 6, 0], [4, 9, 0, 0], [4, 8, 0, 0], [4, 10, 0, 0], [7, 15, 0, 0], swipeLeft
[6, 0, 0, 11], [5, 0, 10, 0], [4, 10, 0, 0], [4, 11, 0, 0], swipeLeft
[6, 0, 0, 10], [5, 0, 9, 0], [5, 0, 11, 0], [8, 9, 14, 0], [4, 11, 0, 0], [4, 11, 0, 0], swipeLeft
[5, 0, 7, 0], [4, 7, 0, 0], [4, 8, 0, 0], swipeLeft
[9, 0, 0, 14], [5, 0, 15, 0], [5, 14, 12, 0], [7, 14, 0, 0], [4, 12, 0, 0], [6, 0, 0, 14], swipeLeft
[9, 0, 0, 23], [5, 0, 9, 11], [5, 0, 6, 0], [5, 8, 10, 0], [4, 7, 0, 0], [4, 9, 0, 0], [4, 11, 0, 0], swipeLeft
[5, 0, 9, 0], [4, 10, 0, 0], [7, 13, 0, 0], [7, 13, 0, 0], swipeLeft
[6, 0, 0, 14], [5, 0, 13, 0], [8, 0, 16, 0], [8, 13, 22, 0], [4, 21, 0, 0], swipeLeft
[6, 0, 0, 8], [5, 0, 8, 0], [5, 9, 10, 0], [4, 8, 0, 0], [4, 9, 0, 0], [4, 12, 0, 0], swipeLeft
[6, 0, 0, 11], [5, 0, 12, 0], [4, 8, 0, 0], [4, 12, 0, 0], [6, 0, 0, 15], [9, 0, 0, 13], [6, 0, 0, 14], swipeLeft
[6, 0, 0, 10], [5, 0, 9, 12], [5, 0, 11, 0], [8, 8, 13, 0], [4, 12, 0, 0], [6, 0, 0, 16], [6, 0, 0, 12], [6, 0, 0, 20], [6, 0, 0, 17], [9, 0, 0, 19], [9, 0, 0, 19], swipeLeft
, swipeLeft
[9, 0, 0, 21], swipeLeft
[9, 0, 0, 22], [9, 0, 0, 21], [6, 0, 0, 19], [9, 0, 0, 21], [6, 0, 0, 18], [9, 0, 0, 19], [5, 27, 19, 0], [8, 19, 22, 0], [8, 18, 20, 0], [7, 19, 0, 0], swipeLeft
, swipeLeft
[9, 0, 0, 19], swipeLeft
[6, 0, 0, 19], [6, 0, 0, 15], [9, 0, 0, 14], [5, 0, 19, 13], [5, 0, 15, 0], [8, 0, 15, 0], [8, 16, 18, 0], [7, 14, 0, 0], [7, 15, 0, 0], [7, 15, 0, 0], [7, 19, 0, 0], swipeLeft
[5, 0, 12, 21], [8, 15, 15, 0], [8, 13, 19, 0], [4, 12, 0, 0], [4, 21, 0, 0], [4, 17, 0, 0], [7, 21, 0, 0], swipeLeft
[9, 0, 0, 13], [5, 0, 13, 0], [8, 16, 16, 0], [8, 13, 14, 0], [7, 13, 0, 0], [7, 13, 0, 0], [7, 15, 0, 0], [7, 15, 0, 0], swipeLeft
[6, 0, 0, 9], [9, 0, 0, 13], [5, 0, 9, 0], [5, 12, 8, 0], [4, 12, 0, 0], [7, 16, 0, 0], [4, 11, 0, 0], [4, 12, 0, 0], [7, 13, 0, 0], [7, 14, 0, 0], swipeLeft
[6, 0, 0, 8], [5, 0, 5, 0], [5, 6, 11, 0], [4, 8, 0, 0], swipeLeft
[6, 0, 0, 12], [5, 0, 13, 15], [5, 0, 11, 0], [5, 9, 12, 0], [4, 12, 0, 0], [7, 15, 0, 0], [7, 13, 0, 0], [4, 12, 0, 0], swipeLeft
[6, 0, 0, 7], [6, 0, 0, 8], [5, 0, 8, 0], [5, 10, 10, 0], [4, 7, 0, 0], [4, 8, 0, 0], [4, 11, 0, 0], [4, 8, 0, 0], [4, 7, 0, 0], swipeLeft
[6, 0, 0, 11], [5, 0, 11, 0], [4, 11, 0, 0], [4, 12, 0, 0], swipeLeft
[5, 0, 13, 0], [5, 0, 12, 0], [4, 9, 0, 0], swipeLeft
[5, 0, 15, 0], [8, 0, 15, 0], [4, 14, 0, 0], [7, 17, 0, 0], swipeLeft
[8, 19, 14, 0], [8, 16, 17, 0], [4, 19, 0, 0], [4, 23, 0, 0], [6, 0, 0, 26], [5, 0, 19, 0], swipeLeft
, swipeLeft
[7, 25, 0, 0], swipeLeft
[7, 29, 0, 0], swipeLeft
[6, 0, 0, 13], swipeLeft
[5, 0, 11, 0], [8, 0, 13, 0], [4, 12, 0, 0], [4, 14, 0, 0], swipeLeft
[5, 0, 20, 0], [5, 22, 26, 0], [7, 28, 0, 0], [7, 29, 0, 0], [4, 24, 0, 0], swipeLeft
[5, 0, 12, 0], [8, 0, 16, 0], [4, 10, 0, 0], [7, 15, 0, 0], swipeLeft
[9, 0, 0, 21], [5, 0, 19, 0], [8, 21, 24, 0], [8, 0, 22, 0], [8, 21, 25, 0], [4, 18, 0, 0], [4, 26, 0, 0], swipeLeft
[9, 0, 0, 15], [4, 15, 0, 0], swipeLeft
[9, 0, 0, 13], [5, 0, 14, 0], [4, 15, 0, 0], [4, 23, 0, 0], swipeLeft
[5, 0, 11, 15], [5, 0, 12, 0], [8, 11, 16, 0], [4, 12, 0, 0], [7, 13, 0, 0], swipeLeft
[6, 0, 0, 11], [5, 0, 12, 0], [5, 0, 10, 0], [4, 8, 0, 0], [4, 9, 0, 0], swipeLeft
[6, 0, 0, 12], [5, 0, 12, 0], [8, 13, 14, 0], [7, 14, 0, 0], [7, 13, 0, 0], [7, 15, 0, 0], swipeLeft
[9, 0, 0, 13], [5, 0, 13, 15], [8, 17, 16, 0], [7, 16, 0, 0], [4, 13, 0, 0], [7, 14, 0, 0], [7, 18, 0, 0], [7, 16, 0, 0], [7, 17, 0, 0], swipeLeft
[9, 0, 0, 14], [5, 0, 13, 14], [8, 0, 15, 0], [8, 13, 16, 0], [8, 13, 19, 0], [7, 15, 0, 0], [7, 15, 0, 0], [7, 15, 0, 0], swipeLeft
[6, 0, 0, 11], [5, 0, 13, 18], [5, 0, 11, 0], [8, 12, 13, 0], [4, 11, 0, 0], [4, 12, 0, 0], swipeLeft
[8, 0, 15, 0], [4, 17, 0, 0], [5, 14, 21, 0], [7, 14, 0, 0], [7, 16, 0, 0], [7, 16, 0, 0], [7, 17, 0, 0], swipeLeft
[5, 0, 17, 19], [8, 20, 18, 0], [8, 19, 19, 0], [7, 18, 0, 0], [7, 17, 0, 0], [7, 19, 0, 0], swipeLeft
[5, 0, 21, 21], [8, 0, 20, 21], [4, 23, 0, 0], [5, 0, 20, 0], [8, 21, 20, 0], [8, 19, 23, 0], [8, 24, 21, 0], [4, 21, 0, 0], [7, 22, 0, 0], [4, 19, 0, 0], swipeLeft
[6, 0, 0, 11], [5, 0, 16, 18], [5, 16, 13, 0], [8, 21, 15, 0], [8, 13, 18, 0], [7, 14, 0, 0], [7, 18, 0, 0], [7, 17, 0, 0], swipeLeft
[5, 0, 17, 13], [8, 0, 17, 0], [5, 0, 13, 19], [8, 0, 21, 20], [8, 0, 19, 0], [5, 16, 16, 0], [8, 0, 21, 0], [4, 17, 0, 0], [7, 22, 0, 0], [7, 22, 0, 0], swipeLeft
[5, 0, 16, 0], [8, 0, 16, 0], [4, 14, 0, 0], swipeLeft
[6, 0, 0, 11], [5, 0, 11, 0], [5, 0, 11, 0], [4, 11, 0, 0], [4, 11, 0, 0], [4, 11, 0, 0], [7, 13, 0, 0], swipeLeft
[6, 0, 0, 11], [6, 0, 0, 10], [5, 0, 17, 16], [5, 0, 12, 0], [8, 14, 15, 0], [8, 19, 17, 0], [8, 13, 17, 0], [8, 0, 17, 0], [8, 18, 24, 0], [7, 16, 0, 0], [4, 15, 0, 0], swipeLeft
[6, 0, 0, 12], [5, 0, 18, 15], [8, 0, 16, 0], [8, 0, 15, 19], [8, 0, 17, 21], [8, 0, 18, 0], [8, 0, 16, 0], [8, 28, 21, 0], [8, 16, 20, 0], [8, 15, 18, 0], [7, 16, 0, 0], [7, 17, 0, 0], [7, 20, 0, 0], swipeLeft
[9, 0, 0, 23], [5, 0, 20, 0], [8, 0, 24, 0], [4, 22, 0, 0], [5, 0, 19, 0], [8, 19, 23, 0], [7, 18, 0, 0], [7, 19, 0, 0], [7, 24, 0, 0], [4, 17, 0, 0], [7, 18, 0, 0], [7, 19, 0, 0], [4, 21, 0, 0], swipeLeft
[9, 0, 0, 21], [9, 0, 0, 28], [5, 0, 24, 19], [8, 0, 22, 24], [8, 22, 24, 0], [7, 22, 0, 0], [5, 21, 21, 0], [8, 25, 24, 0], [8, 19, 26, 0], [8, 21, 26, 0], [8, 22, 27, 0], [7, 22, 0, 0], [7, 20, 0, 0], [7, 24, 0, 0], [7, 23, 0, 0], swipeLeft
[5, 0, 22, 23], [5, 0, 19, 0], [8, 0, 19, 0], [4, 19, 0, 0], [7, 20, 0, 0], [7, 21, 0, 0], [7, 21, 0, 0], [7, 22, 0, 0], [7, 21, 0, 0], [7, 22, 0, 0], [7, 23, 0, 0], swipeLeft
[8, 0, 13, 0], [8, 17, 16, 0], [8, 14, 14, 0], [8, 14, 16, 0], [7, 15, 0, 0], [7, 17, 0, 0], [4, 13, 0, 0], [7, 13, 0, 0], [7, 13, 0, 0], swipeLeft
[6, 0, 0, 10], [5, 0, 12, 0], [5, 16, 12, 0], [8, 10, 15, 0], [4, 12, 0, 0], [4, 13, 0, 0], [7, 14, 0, 0], [7, 17, 0, 0], [6, 0, 0, 16], swipeLeft
[5, 0, 16, 0], [8, 16, 21, 0], [7, 16, 0, 0], [7, 15, 0, 0], [4, 22, 0, 0], [4, 17, 0, 0], [7, 23, 0, 0], [7, 22, 0, 0], [7, 20, 0, 0], swipeLeft
[9, 0, 0, 18], [5, 0, 16, 18], [8, 18, 17, 0], [8, 16, 18, 0], [7, 16, 0, 0], [5, 16, 23, 0], [4, 17, 0, 0], [7, 17, 0, 0], [7, 16, 0, 0], [7, 19, 0, 0], swipeLeft
[6, 0, 0, 11], [9, 0, 0, 16], [5, 0, 8, 0], [8, 16, 13, 0], [8, 9, 18, 0], [7, 13, 0, 0], [4, 11, 0, 0], [4, 10, 0, 0], [7, 14, 0, 0], [7, 13, 0, 0], [7, 14, 0, 0], swipeLeft
[6, 0, 0, 15], [5, 0, 17, 15], [5, 0, 14, 0], [8, 0, 17, 0], [8, 17, 22, 0], [7, 21, 0, 0], [4, 18, 0, 0], [7, 19, 0, 0], [7, 19, 0, 0], [6, 0, 0, 19], [9, 0, 0, 19], swipeLeft
[6, 0, 0, 18], [9, 0, 0, 19], [9, 0, 0, 21], [5, 25, 20, 0], [8, 21, 21, 0], [7, 28, 0, 0], [4, 20, 0, 0], [4, 19, 0, 0], [7, 19, 0, 0], [4, 20, 0, 0], [6, 0, 0, 18], [9, 0, 0, 16], swipeLeft
[5, 0, 13, 0], [5, 0, 12, 0], [4, 8, 0, 0], [4, 8, 0, 0], swipeLeft
[9, 0, 0, 18], [5, 0, 17, 19], [8, 0, 17, 0], [8, 0, 16, 0], [8, 0, 17, 0], [8, 14, 22, 0], [7, 15, 0, 0], [4, 16, 0, 0], [6, 0, 0, 20], [9, 0, 0, 18], swipeLeft
[9, 0, 0, 17], [6, 0, 0, 13], [5, 0, 13, 0], [5, 0, 12, 0], [4, 12, 0, 0], [4, 11, 0, 0], [7, 18, 0, 0], swipeLeft
[5, 0, 15, 0], [8, 19, 16, 0], [7, 20, 0, 0], swipeLeft
[9, 0, 0, 14], [5, 0, 16, 13], [5, 0, 12, 0], [8, 13, 15, 0], [4, 11, 0, 0], [7, 16, 0, 0], swipeLeft
[9, 0, 0, 18], [5, 0, 19, 0], [8, 0, 20, 0], [5, 0, 17, 0], [8, 19, 24, 0], [5, 16, 21, 0], [7, 16, 0, 0], [7, 17, 0, 0], [7, 18, 0, 0], [7, 21, 0, 0], swipeLeft
[9, 0, 0, 14], [5, 0, 12, 0], [8, 14, 16, 0], [7, 17, 0, 0], [7, 18, 0, 0], swipeLeft
[5, 0, 19, 0], [4, 21, 0, 0], [5, 19, 24, 0], [7, 21, 0, 0], [4, 23, 0, 0], swipeLeft
[9, 0, 0, 15], [9, 0, 0, 19], [5, 0, 13, 0], [8, 13, 15, 0], [8, 16, 18, 0], [7, 15, 0, 0], [7, 14, 0, 0], [7, 16, 0, 0], [4, 23, 0, 0], swipeLeft
[4, 4, 0, 0], [6, 0, 0, 6], swipeLeft
[4, 11, 0, 0], [4, 10, 0, 0], [4, 12, 0, 0], [7, 13, 0, 0], swipeLeft
, swipeLeft
[5, 0, 8, 0], [4, 8, 0, 0], [4, 8, 0, 0], [6, 0, 0, 13], [5, 0, 17, 15], [5, 0, 13, 0], swipeLeft
[6, 0, 0, 20], [5, 0, 17, 0], [8, 15, 24, 0], [7, 21, 0, 0], [4, 25, 0, 0], swipeLeft
[8, 0, 17, 0], [4, 12, 0, 0], [7, 20, 0, 0], [4, 15, 0, 0], [4, 18, 0, 0], swipeLeft
[8, 16, 13, 0], [4, 11, 0, 0], swipeLeft
[4, 13, 0, 0], [4, 12, 0, 0], [6, 0, 0, 14], swipeLeft
, swipeLeft
[5, 16, 19, 0], [7, 17, 0, 0], [4, 20, 0, 0], [4, 21, 0, 0], swipeLeft
[4, 15, 0, 0], [4, 18, 0, 0], swipeLeft
[6, 0, 0, 16], [5, 0, 16, 0], [8, 19, 21, 0], [8, 19, 25, 0], [4, 16, 0, 0], [7, 18, 0, 0], [7, 23, 0, 0], [4, 17, 0, 0], [4, 21, 0, 0], swipeLeft
[9, 0, 0, 15], [5, 0, 13, 0], [8, 0, 16, 0], [4, 15, 0, 0], [5, 14, 21, 0], [7, 15, 0, 0], [7, 17, 0, 0], swipeLeft
[5, 0, 13, 0], [8, 0, 13, 0], [4, 10, 0, 0], [4, 11, 0, 0], swipeLeft
[9, 0, 0, 18], [5, 0, 17, 17], [8, 0, 18, 0], [8, 16, 19, 0], [7, 15, 0, 0], [7, 18, 0, 0], [4, 21, 0, 0], [6, 0, 0, 16], [6, 0, 0, 11], swipeLeft
, swipeLeft
[4, 9, 0, 0], swipeLeft
[6, 0, 0, 19], [6, 0, 0, 23], [6, 0, 0, 15], [9, 0, 0, 17], swipeLeft
[8, 21, 18, 0], [4, 19, 0, 0], [7, 20, 0, 0], [4, 18, 0, 0], [4, 19, 0, 0], swipeLeft
[9, 0, 0, 13], [5, 0, 11, 0], [5, 12, 11, 0], [4, 9, 0, 0], [4, 11, 0, 0], [4, 12, 0, 0], [7, 16, 0, 0], swipeLeft
[6, 0, 0, 11], [5, 0, 9, 0], [4, 10, 0, 0], [4, 10, 0, 0], [6, 0, 0, 13], [6, 0, 0, 12], [5, 0, 14, 0], [8, 14, 13, 0], [4, 12, 0, 0], swipeLeft
[5, 0, 9, 0], [4, 8, 0, 0], [5, 0, 19, 17], [5, 0, 16, 18], [8, 18, 15, 0], [4, 13, 0, 0], [7, 13, 0, 0], swipeLeft
, swipeLeft
[7, 13, 0, 0], swipeLeft
[6, 0, 0, 11], [5, 0, 11, 0], [5, 0, 12, 0], [4, 9, 0, 0], swipeLeft
[5, 0, 14, 12], [5, 0, 11, 0], [8, 11, 27, 0], [4, 11, 0, 0], [4, 11, 0, 0], swipeLeft
, swipeLeft
[6, 0, 0, 12], swipeLeft
[5, 0, 10, 0], [4, 12, 0, 0], [7, 13, 0, 0], [6, 0, 0, 12], [6, 0, 0, 11], [5, 0, 12, 0], swipeLeft
, swipeLeft
[4, 11, 0, 0], swipeLeft
[4, 11, 0, 0], [4, 13, 0, 0], [7, 13, 0, 0], [6, 0, 0, 13], [5, 0, 11, 0], [4, 11, 0, 0], [7, 13, 0, 0], swipeLeft
, swipeLeft
[4, 12, 0, 0], swipeLeft
, swipeLeft
[6, 0, 0, 11], [5, 0, 11, 0], [8, 0, 14, 0], [4, 10, 0, 0], [4, 12, 0, 0], swipeLeft
[5, 0, 9, 0], [4, 9, 0, 0], [4, 8, 0, 0], swipeLeft
[9, 0, 0, 15], [5, 0, 18, 0], [8, 0, 19, 0], swipeLeft
[5, 0, 23, 22], [8, 0, 22, 0], [8, 19, 20, 0], [8, 21, 23, 0], [8, 21, 24, 0], [7, 25, 0, 0], [4, 22, 0, 0], [7, 25, 0, 0], [4, 21, 0, 0], [7, 22, 0, 0], [7, 21, 0, 0], [4, 19, 0, 0], swipeLeft
[5, 0, 6, 0], [4, 3, 0, 0], swipeLeft
, swipeLeft
[6, 0, 0, 6], [3, 0, 0, 5], [3, 0, 0, 4], [3, 0, 0, 5], [3, 0, 0, 4], [5, 0, 6, 0], [4, 5, 0, 0], [4, 7, 0, 0], swipeLeft
[5, 0, 13, 0], [4, 13, 0, 0], [7, 13, 0, 0], swipeLeft
[6, 0, 0, 12], [5, 0, 14, 0], [4, 13, 0, 0], swipeLeft
