[5, 8, 14, 0], [6, 0, 0, 8], swipeRight
[1, 5, 0, 0], [5, 0, 7, 0], [6, 0, 0, 5], [6, 0, 0, 8], swipeRight
[4, 10, 0, 0], [4, 10, 0, 0], [5, 10, 13, 0], [6, 0, 0, 8], [6, 0, 0, 10], swipeRight
[4, 13, 0, 0], [5, 0, 15, 0], [8, 0, 13, 10], [6, 0, 0, 9], [6, 0, 0, 12], swipeRight
[4, 6, 0, 0], [1, 5, 0, 0], [6, 0, 0, 6], swipeRight
[4, 11, 0, 0], [4, 10, 0, 0], [5, 8, 12, 0], [6, 0, 0, 8], [9, 0, 0, 14], swipeRight
[4, 8, 0, 0], [4, 6, 0, 0], [6, 0, 0, 7], swipeRight
[5, 22, 20, 0], [5, 0, 13, 15], [9, 0, 0, 14], swipeRight
[4, 12, 0, 0], [4, 10, 0, 0], [5, 10, 16, 0], [6, 0, 0, 9], swipeRight
[4, 9, 0, 0], [4, 8, 0, 0], swipeRight
[7, 14, 0, 0], [5, 11, 11, 13], swipeRight
[5, 0, 8, 7], swipeRight
[7, 13, 0, 0], [4, 11, 0, 0], [4, 10, 0, 0], [5, 10, 8, 0], [6, 0, 0, 13], [6, 0, 0, 10], swipeRight
[7, 14, 0, 0], [5, 15, 17, 0], [5, 0, 13, 13], [6, 0, 0, 11], swipeRight
[4, 12, 0, 0], [4, 11, 0, 0], swipeRight
, swipeRight
[4, 12, 0, 0], [4, 10, 0, 0], [4, 9, 0, 0], [4, 10, 0, 0], [4, 9, 0, 0], [4, 9, 0, 0], [4, 9, 0, 0], [4, 10, 0, 0], [4, 10, 0, 0], [4, 9, 0, 0], [4, 9, 0, 0], [4, 9, 0, 0], [4, 10, 0, 0], [4, 9, 0, 0], [4, 8, 0, 0], [4, 8, 0, 0], [4, 7, 0, 0], [4, 7, 0, 0], [4, 6, 0, 0], [4, 8, 0, 0], [5, 8, 8, 0], [5, 0, 8, 0], [5, 0, 8, 0], [5, 0, 6, 0], [5, 0, 7, 0], [6, 0, 0, 7], [6, 0, 0, 7], [6, 0, 0, 6], [3, 0, 0, 5], [6, 0, 0, 6], swipeRight
[4, 12, 0, 0], [7, 13, 0, 0], [7, 13, 0, 0], [4, 12, 0, 0], [7, 14, 0, 0], [4, 12, 0, 0], [4, 11, 0, 0], [4, 12, 0, 0], [4, 12, 0, 0], [4, 11, 0, 0], [4, 12, 0, 0], [4, 11, 0, 0], [4, 12, 0, 0], [4, 11, 0, 0], [4, 10, 0, 0], [4, 10, 0, 0], [4, 11, 0, 0], [4, 10, 0, 0], [4, 11, 0, 0], [4, 10, 0, 0], [5, 8, 16, 0], [5, 13, 12, 0], [4, 10, 0, 0], [5, 13, 9, 0], [5, 0, 10, 0], [5, 0, 9, 12], [5, 0, 11, 12], [6, 0, 0, 12], [6, 0, 0, 10], [6, 0, 0, 8], swipeRight
[4, 7, 0, 0], [4, 8, 0, 0], [4, 8, 0, 0], [4, 8, 0, 0], [4, 8, 0, 0], [4, 8, 0, 0], [4, 8, 0, 0], [4, 8, 0, 0], [4, 7, 0, 0], [4, 8, 0, 0], [4, 8, 0, 0], [4, 8, 0, 0], [4, 8, 0, 0], [4, 8, 0, 0], [4, 10, 0, 0], [4, 8, 0, 0], [4, 8, 0, 0], [4, 7, 0, 0], [4, 7, 0, 0], [4, 7, 0, 0], [4, 8, 0, 0], [5, 8, 9, 0], [5, 0, 6, 0], [5, 0, 6, 0], [5, 0, 7, 0], [6, 0, 0, 8], [6, 0, 0, 8], [6, 0, 0, 7], [6, 0, 0, 8], [6, 0, 0, 8], swipeRight
[4, 11, 0, 0], [4, 12, 0, 0], [7, 13, 0, 0], [4, 12, 0, 0], [4, 11, 0, 0], [7, 13, 0, 0], [7, 13, 0, 0], [4, 11, 0, 0], [4, 11, 0, 0], [4, 11, 0, 0], [4, 11, 0, 0], [7, 13, 0, 0], [7, 13, 0, 0], [7, 13, 0, 0], [7, 13, 0, 0], [4, 12, 0, 0], [4, 12, 0, 0], [4, 12, 0, 0], [4, 12, 0, 0], [4, 11, 0, 0], [4, 11, 0, 0], [4, 10, 0, 0], [4, 10, 0, 0], [4, 10, 0, 0], [5, 11, 13, 0], [8, 10, 15, 0], [8, 10, 13, 0], [5, 13, 10, 0], [5, 0, 11, 0], [5, 0, 10, 15], swipeRight
[4, 12, 0, 0], [7, 13, 0, 0], [7, 16, 0, 0], [4, 16, 0, 0], [7, 14, 0, 0], [7, 16, 0, 0], [7, 15, 0, 0], [7, 15, 0, 0], [7, 15, 0, 0], [7, 14, 0, 0], [7, 13, 0, 0], [4, 12, 0, 0], [4, 12, 0, 0], [7, 13, 0, 0], [4, 12, 0, 0], [7, 13, 0, 0], [7, 21, 0, 0], [7, 19, 0, 0], [7, 17, 0, 0], [4, 13, 0, 0], [4, 11, 0, 0], [7, 19, 0, 0], [5, 13, 16, 0], [8, 12, 14, 0], [8, 11, 13, 0], [7, 15, 0, 0], [5, 0, 13, 0], [5, 0, 11, 17], [5, 0, 11, 13], [9, 0, 0, 14], swipeRight
[4, 9, 0, 0], [4, 10, 0, 0], [7, 13, 0, 0], [4, 12, 0, 0], [4, 11, 0, 0], [7, 13, 0, 0], [7, 13, 0, 0], [4, 10, 0, 0], [4, 10, 0, 0], [4, 10, 0, 0], [4, 10, 0, 0], [4, 10, 0, 0], [4, 10, 0, 0], [4, 12, 0, 0], [4, 9, 0, 0], [4, 9, 0, 0], [4, 11, 0, 0], [4, 8, 0, 0], [5, 0, 11, 0], [5, 0, 8, 0], [6, 0, 0, 8], [6, 0, 0, 8], [6, 0, 0, 8], swipeRight
[4, 10, 0, 0], [4, 11, 0, 0], [4, 11, 0, 0], [4, 12, 0, 0], [4, 13, 0, 0], [4, 12, 0, 0], [4, 11, 0, 0], [4, 11, 0, 0], [4, 10, 0, 0], [4, 11, 0, 0], [4, 10, 0, 0], [4, 10, 0, 0], [4, 7, 0, 0], [4, 7, 0, 0], [5, 0, 6, 0], [5, 0, 8, 0], [6, 0, 0, 6], [6, 0, 0, 7], [6, 0, 0, 7], swipeRight
[4, 10, 0, 0], [4, 12, 0, 0], [7, 15, 0, 0], [7, 14, 0, 0], [4, 15, 0, 0], [7, 13, 0, 0], [7, 13, 0, 0], [7, 14, 0, 0], [7, 13, 0, 0], [4, 12, 0, 0], [4, 10, 0, 0], [4, 10, 0, 0], [5, 13, 12, 0], [5, 0, 11, 0], [5, 0, 9, 0], [5, 0, 10, 0], [5, 0, 11, 12], [6, 0, 0, 11], [6, 0, 0, 11], [6, 0, 0, 8], [6, 0, 0, 12], [6, 0, 0, 11], [6, 0, 0, 11], [6, 0, 0, 12], [6, 0, 0, 12], [9, 0, 0, 13], [6, 0, 0, 11], [9, 0, 0, 13], [6, 0, 0, 13], [6, 0, 0, 11], swipeRight
