[4, 10, 0, 0], [5, 16, 19, 0], swipeUp
[2, 0, 5, 0], [2, 0, 5, 0], [2, 0, 5, 0], [5, 0, 10, 0], [8, 0, 22, 0], [4, 21, 0, 0], [7, 25, 0, 0], [5, 26, 25, 0], swipeUp
[3, 0, 0, 4], [3, 0, 0, 4], [6, 0, 0, 8], [9, 0, 0, 14], swipeUp
[4, 29, 0, 0], swipeUp
[2, 0, 4, 0], [2, 0, 4, 0], [5, 0, 10, 0], [8, 0, 19, 0], swipeUp
[3, 0, 0, 5], [3, 0, 0, 3], [6, 0, 0, 7], [6, 0, 0, 11], [9, 0, 0, 17], swipeUp
[4, 9, 0, 0], [4, 9, 0, 0], [7, 13, 0, 0], [4, 29, 0, 0], swipeUp
[5, 0, 6, 0], [2, 0, 4, 0], [2, 0, 5, 0], [5, 0, 10, 0], [8, 0, 16, 0], swipeUp
[3, 0, 0, 4], [3, 0, 0, 3], [6, 0, 0, 8], swipeUp
[7, 16, 0, 0], swipeUp
[3, 0, 0, 5], [6, 0, 0, 7], [3, 0, 0, 5], [9, 0, 0, 15], [6, 0, 0, 29], swipeUp
[5, 0, 9, 6], [5, 0, 7, 7], [5, 0, 8, 7], [5, 0, 11, 14], [8, 0, 15, 18], [8, 25, 23, 21], [8, 0, 29, 27], swipeUp
[4, 15, 0, 0], [7, 19, 0, 0], swipeUp
[3, 0, 0, 4], [6, 0, 0, 7], [9, 0, 0, 13], swipeUp
, swipeUp
[6, 0, 0, 6], [6, 0, 0, 9], swipeUp
[5, 0, 8, 6], [5, 0, 7, 5], [5, 0, 6, 5], [5, 0, 9, 6], [5, 0, 12, 11], [8, 0, 18, 0], [8, 0, 22, 0], swipeUp
, swipeUp
[6, 0, 0, 6], [6, 0, 0, 11], swipeUp
[4, 13, 0, 0], [5, 17, 20, 0], [5, 0, 28, 0], swipeUp
[3, 0, 0, 5], [3, 0, 0, 4], [3, 0, 0, 5], [6, 0, 0, 9], [9, 0, 0, 18], [6, 0, 0, 29], swipeUp
[2, 0, 5, 0], [2, 0, 5, 0], [5, 0, 7, 0], [8, 0, 13, 0], [5, 0, 21, 0], swipeUp
[3, 0, 0, 4], [3, 0, 0, 3], [6, 0, 0, 6], [9, 0, 0, 15], [6, 0, 0, 27], swipeUp
, swipeUp
[3, 0, 0, 5], [3, 0, 0, 5], [6, 0, 0, 9], swipeUp
[5, 0, 9, 8], [5, 0, 8, 6], [5, 0, 6, 5], [5, 0, 7, 7], [5, 0, 12, 10], [5, 0, 23, 0], [4, 29, 0, 0], swipeUp
[8, 13, 14, 0], [5, 0, 23, 0], [4, 29, 0, 0], swipeUp
[2, 0, 5, 0], [5, 0, 7, 0], [5, 0, 8, 0], swipeUp
[3, 0, 0, 5], [3, 0, 0, 3], [3, 0, 0, 4], [6, 0, 0, 8], [9, 0, 0, 16], [6, 0, 0, 29], swipeUp
[7, 17, 0, 0], swipeUp
[3, 0, 0, 4], [3, 0, 0, 4], [6, 0, 0, 8], [9, 0, 0, 16], swipeUp
, swipeUp
[5, 12, 10, 0], [8, 18, 16, 0], [7, 20, 0, 0], [5, 0, 23, 0], [8, 0, 29, 0], swipeUp
[5, 0, 13, 0], [6, 0, 0, 26], [5, 0, 28, 0], swipeUp
[4, 9, 0, 0], [7, 13, 0, 0], [4, 27, 0, 0], swipeUp
[6, 0, 0, 6], [6, 0, 0, 6], [3, 0, 0, 5], [6, 0, 0, 7], [6, 0, 0, 12], swipeUp
[2, 0, 4, 0], [5, 0, 8, 0], [6, 0, 0, 26], swipeUp
[7, 16, 0, 0], [4, 26, 0, 0], swipeUp
[2, 0, 5, 8], [5, 0, 8, 9], [5, 0, 22, 22], swipeUp
[3, 0, 0, 5], [6, 0, 0, 9], swipeUp
[5, 24, 25, 0], swipeUp
[3, 0, 0, 4], [6, 0, 0, 6], [6, 0, 0, 11], swipeUp
[6, 0, 0, 7], [6, 0, 0, 11], [9, 0, 0, 19], swipeUp
[6, 0, 0, 6], [3, 0, 0, 5], [3, 0, 0, 4], [3, 0, 0, 4], [3, 0, 0, 5], [6, 0, 0, 12], [9, 0, 0, 16], [5, 0, 24, 0], [6, 0, 0, 25], [9, 0, 0, 28], swipeUp
[2, 0, 5, 0], [2, 0, 4, 0], [2, 0, 4, 0], [5, 0, 6, 0], [5, 0, 10, 0], [8, 0, 15, 0], swipeUp
[1, 5, 0, 0], [4, 6, 0, 0], [4, 8, 0, 0], [5, 13, 14, 0], [7, 16, 0, 0], [4, 24, 0, 0], [4, 30, 0, 0], swipeUp
[2, 0, 3, 0], [2, 0, 5, 0], [5, 0, 9, 0], [8, 0, 14, 0], [8, 0, 19, 0], [5, 0, 27, 0], [4, 29, 0, 0], swipeUp
[6, 0, 0, 7], [9, 0, 0, 14], [9, 0, 0, 22], [6, 0, 0, 25], swipeUp
[3, 0, 0, 5], [3, 0, 0, 3], [3, 0, 0, 3], [3, 0, 0, 5], [6, 0, 0, 9], [9, 0, 0, 15], [9, 0, 0, 21], [5, 0, 29, 0], swipeUp
[2, 0, 5, 0], [2, 0, 5, 0], [2, 0, 5, 0], [5, 0, 11, 0], [8, 0, 18, 0], [8, 0, 24, 0], [8, 0, 29, 0], [5, 0, 27, 0], swipeUp
, swipeUp
[8, 0, 15, 0], [8, 0, 22, 0], [5, 0, 29, 0], [6, 0, 0, 29], swipeUp
[3, 0, 0, 5], [3, 0, 0, 5], [6, 0, 0, 6], [6, 0, 0, 12], [9, 0, 0, 18], swipeUp
[4, 8, 0, 0], [4, 7, 0, 0], [4, 11, 0, 0], [7, 21, 0, 0], [5, 0, 26, 0], swipeUp
[5, 0, 6, 0], [5, 0, 5, 0], [5, 0, 11, 0], [8, 0, 19, 0], [8, 0, 21, 0], swipeUp
[6, 0, 0, 7], [3, 0, 0, 3], [6, 0, 0, 7], [9, 0, 0, 13], swipeUp
[5, 0, 7, 0], [8, 0, 15, 0], [5, 0, 24, 0], [4, 29, 0, 0], [7, 28, 0, 0], [4, 29, 0, 0], [4, 28, 0, 0], swipeUp
[5, 0, 9, 0], [5, 0, 8, 0], [5, 0, 8, 11], [5, 0, 7, 6], [2, 0, 5, 5], [2, 0, 5, 6], [5, 0, 8, 7], [5, 0, 11, 11], [8, 0, 16, 0], [8, 22, 23, 0], [7, 28, 0, 0], swipeUp
[5, 0, 8, 6], [5, 0, 9, 7], [5, 0, 12, 15], [8, 0, 17, 0], swipeUp
[5, 0, 7, 0], [5, 0, 8, 5], [2, 0, 5, 5], [5, 0, 6, 5], [5, 0, 8, 0], [5, 0, 12, 0], [8, 0, 17, 0], swipeUp
[1, 5, 0, 0], [1, 5, 0, 0], [4, 6, 0, 0], [7, 13, 0, 0], [5, 18, 19, 0], [8, 0, 24, 0], [8, 0, 27, 0], swipeUp
[3, 0, 0, 4], [3, 0, 0, 3], [3, 0, 0, 2], [3, 0, 0, 3], [3, 0, 0, 3], [3, 0, 0, 2], [6, 0, 0, 5], [6, 0, 0, 10], [6, 0, 0, 22], [9, 0, 0, 27], [9, 0, 0, 27], swipeUp
[3, 0, 0, 3], [3, 0, 0, 3], [3, 0, 0, 3], [6, 0, 0, 7], [9, 0, 0, 14], [9, 0, 0, 21], [5, 0, 27, 0], [6, 0, 0, 29], swipeUp
[5, 0, 9, 0], [2, 0, 5, 0], [2, 0, 3, 0], [2, 0, 3, 0], [2, 0, 5, 0], [5, 0, 11, 0], [8, 0, 17, 0], [8, 0, 20, 0], [5, 0, 29, 0], [5, 0, 29, 0], swipeUp
[1, 5, 0, 0], [4, 6, 0, 0], [5, 12, 18, 0], [4, 24, 0, 0], [7, 28, 0, 0], swipeUp
[2, 0, 5, 0], [5, 0, 8, 0], [2, 0, 4, 0], [2, 0, 3, 0], [2, 0, 4, 0], [5, 0, 7, 0], [8, 0, 13, 0], [8, 0, 17, 20], [8, 0, 23, 26], [8, 0, 27, 0], [5, 0, 29, 0], swipeUp
[3, 0, 0, 5], [6, 0, 0, 8], [9, 0, 0, 14], swipeUp
[2, 0, 5, 0], [5, 0, 9, 9], [8, 0, 14, 0], [8, 0, 19, 0], [6, 0, 0, 23], swipeUp
[2, 0, 5, 0], [5, 0, 11, 0], [8, 0, 21, 0], [5, 0, 25, 0], swipeUp
[5, 0, 8, 0], [5, 0, 9, 12], [5, 0, 28, 0], swipeUp
[3, 0, 0, 4], [6, 0, 0, 7], [9, 0, 0, 13], swipeUp
, swipeUp
[5, 0, 8, 0], [5, 0, 7, 0], [2, 0, 4, 0], [2, 0, 4, 0], [2, 0, 4, 5], [5, 0, 8, 7], [8, 0, 13, 0], [8, 0, 21, 0], [4, 29, 0, 0], swipeUp
[6, 0, 0, 7], [6, 0, 0, 12], swipeUp
[6, 0, 0, 6], [6, 0, 0, 12], swipeUp
[2, 0, 5, 0], [2, 0, 5, 0], [2, 0, 4, 0], [2, 0, 5, 0], [5, 0, 7, 0], [5, 0, 9, 0], [8, 0, 14, 0], swipeUp
[2, 0, 5, 0], [5, 0, 6, 0], [2, 0, 5, 0], [2, 0, 5, 0], [5, 0, 7, 0], [5, 0, 9, 0], [8, 0, 13, 0], [6, 0, 0, 28], swipeUp
[3, 0, 0, 5], [6, 0, 0, 6], [3, 0, 0, 5], [3, 0, 0, 4], [6, 0, 0, 11], [6, 0, 0, 12], [6, 0, 0, 26], swipeUp
[1, 5, 0, 0], [1, 5, 0, 0], [1, 4, 0, 0], [5, 7, 9, 0], [7, 13, 0, 0], [5, 0, 16, 0], [8, 0, 19, 0], [8, 27, 24, 0], swipeUp
[6, 0, 0, 9], swipeUp
[5, 0, 7, 8], [5, 0, 6, 5], [2, 0, 5, 5], [2, 0, 5, 5], [5, 0, 6, 5], [5, 0, 10, 9], [8, 0, 16, 0], [8, 0, 25, 0], swipeUp
[5, 17, 17, 0], [5, 0, 24, 0], swipeUp
[6, 0, 0, 5], [3, 0, 0, 5], [3, 0, 0, 5], [6, 0, 0, 8], [9, 0, 0, 13], swipeUp
[4, 6, 0, 0], [1, 4, 0, 0], [1, 4, 0, 0], [1, 3, 0, 0], [1, 5, 0, 0], [5, 17, 17, 0], [7, 18, 0, 0], [4, 29, 0, 0], swipeUp
[3, 0, 0, 4], [3, 0, 0, 4], [3, 0, 0, 4], [6, 0, 0, 6], [6, 0, 0, 9], [9, 0, 0, 17], [6, 0, 0, 27], swipeUp
[4, 10, 0, 0], swipeUp
[6, 0, 0, 6], [3, 0, 0, 5], [3, 0, 0, 5], [3, 0, 0, 5], [6, 0, 0, 12], swipeUp
[7, 14, 0, 0], [4, 26, 0, 0], swipeUp
[6, 0, 0, 7], [3, 0, 0, 5], [3, 0, 0, 3], [6, 0, 0, 10], swipeUp
[5, 0, 10, 11], [5, 0, 8, 9], [5, 0, 6, 5], [5, 0, 9, 7], [5, 0, 7, 8], [5, 0, 12, 0], [8, 0, 19, 0], swipeUp
[4, 7, 0, 0], [1, 4, 0, 0], [4, 7, 0, 0], [4, 10, 0, 0], swipeUp
[6, 0, 0, 6], [6, 0, 0, 6], [6, 0, 0, 7], [6, 0, 0, 6], [9, 0, 0, 14], swipeUp
[1, 4, 0, 0], [4, 7, 0, 0], [7, 17, 0, 0], swipeUp
[6, 0, 0, 7], [3, 0, 0, 5], [6, 0, 0, 6], [6, 0, 0, 8], [9, 0, 0, 15], swipeUp
[1, 5, 0, 0], [4, 6, 0, 0], [4, 10, 0, 0], [5, 0, 20, 0], [8, 0, 23, 0], swipeUp
[3, 0, 0, 5], [6, 0, 0, 9], swipeUp
[4, 8, 0, 0], [1, 4, 0, 0], [4, 8, 0, 0], [5, 14, 14, 0], [8, 0, 23, 0], [4, 29, 0, 0], swipeUp
[3, 0, 0, 5], [6, 0, 0, 6], [3, 0, 0, 5], [6, 0, 0, 11], swipeUp
[5, 0, 9, 7], [5, 0, 8, 6], [5, 0, 6, 6], [5, 0, 8, 0], [8, 0, 14, 0], [8, 0, 19, 0], swipeUp
[4, 8, 0, 0], [7, 16, 0, 0], [4, 29, 0, 0], swipeUp
[6, 0, 0, 6], [3, 0, 0, 5], [6, 0, 0, 7], [9, 0, 0, 13], swipeUp
[5, 0, 11, 0], [5, 0, 9, 0], [5, 0, 6, 0], [5, 0, 8, 8], [8, 0, 15, 0], swipeUp
[4, 13, 0, 0], [5, 0, 21, 0], swipeUp
[6, 0, 0, 6], [3, 0, 0, 4], [6, 0, 0, 7], swipeUp
[7, 15, 0, 0], swipeUp
[3, 0, 0, 5], [6, 0, 0, 8], swipeUp
[5, 0, 8, 0], [5, 0, 7, 0], [2, 0, 5, 0], [2, 0, 5, 0], [2, 0, 5, 0], [2, 0, 5, 0], [5, 0, 6, 0], [2, 0, 5, 0], [5, 0, 8, 8], [5, 0, 11, 13], [8, 0, 19, 0], [4, 28, 0, 0], swipeUp
[3, 0, 0, 4], [3, 0, 0, 4], [3, 0, 0, 4], [6, 0, 0, 7], [6, 0, 0, 11], swipeUp
[4, 7, 0, 0], [7, 14, 0, 0], [7, 19, 0, 0], [5, 0, 24, 0], [8, 0, 27, 0], swipeUp
[5, 0, 8, 0], [2, 0, 5, 0], [2, 0, 3, 0], [2, 0, 3, 0], [5, 0, 6, 0], [8, 0, 15, 0], [8, 0, 16, 0], [6, 0, 0, 24], swipeUp
[3, 0, 0, 5], [3, 0, 0, 4], [6, 0, 0, 7], [6, 0, 0, 12], [5, 0, 19, 19], swipeUp
[4, 8, 0, 0], [7, 14, 0, 0], [7, 19, 0, 0], swipeUp
[6, 0, 0, 4], [3, 0, 0, 4], [6, 0, 0, 7], [6, 0, 0, 12], [9, 0, 0, 19], swipeUp
[1, 4, 0, 0], [1, 4, 0, 0], [1, 3, 0, 0], [1, 5, 0, 0], [4, 10, 0, 0], [5, 18, 20, 0], [4, 28, 0, 0], [7, 29, 0, 0], swipeUp
[8, 0, 15, 0], [8, 0, 21, 0], swipeUp
[3, 0, 0, 5], [6, 0, 0, 12], [9, 0, 0, 16], swipeUp
[5, 0, 10, 0], [5, 0, 6, 0], [5, 0, 10, 0], [8, 18, 22, 0], [7, 25, 0, 0], [5, 0, 29, 0], swipeUp
[4, 10, 0, 0], [5, 0, 12, 0], [8, 29, 13, 0], [8, 0, 22, 0], [8, 0, 26, 0], swipeUp
[3, 0, 0, 5], [3, 0, 0, 5], [6, 0, 0, 11], [9, 0, 0, 18], [5, 0, 25, 0], swipeUp
[8, 0, 13, 0], [8, 0, 23, 0], [8, 24, 27, 0], swipeUp
[1, 4, 0, 0], [4, 12, 0, 0], [5, 19, 19, 0], swipeUp
[3, 0, 0, 5], [6, 0, 0, 6], [6, 0, 0, 8], [9, 0, 0, 15], swipeUp
[5, 0, 8, 0], [2, 0, 5, 0], [5, 0, 6, 0], [2, 0, 5, 0], [5, 0, 9, 0], swipeUp
[4, 7, 0, 0], [4, 6, 0, 0], [4, 8, 0, 0], [7, 16, 0, 0], [5, 23, 22, 0], [6, 0, 0, 5], [3, 0, 0, 4], [3, 0, 0, 3], [3, 0, 0, 5], swipeUp
, swipeUp
[3, 0, 0, 4], swipeUp
[3, 0, 0, 2], [3, 0, 0, 3], [3, 0, 0, 3], [6, 0, 0, 9], [9, 0, 0, 16], swipeUp
[5, 0, 6, 0], [2, 0, 5, 0], [5, 0, 6, 0], [5, 0, 12, 0], [8, 22, 21, 0], swipeUp
[7, 17, 0, 0], swipeUp
[3, 0, 0, 5], [6, 0, 0, 6], [9, 0, 0, 13], [9, 0, 0, 20], [9, 0, 0, 27], swipeUp
[5, 8, 13, 0], [7, 19, 0, 0], [5, 0, 22, 0], swipeUp
