, triangle
[6, 0, 0, 10], [5, 0, 10, 0], [5, 0, 8, 0], [4, 9, 0, 0], [4, 9, 0, 0], [5, 12, 15, 0], [8, 18, 20, 0], [8, 21, 21, 0], [8, 0, 25, 0], [8, 0, 25, 0], [8, 0, 25, 0], [8, 0, 24, 23], [8, 0, 25, 17], [6, 0, 0, 11], [6, 0, 0, 8], [6, 0, 0, 10], [6, 0, 0, 12], triangle
[6, 0, 0, 7], [3, 0, 0, 5], [5, 0, 7, 0], [5, 0, 8, 0], [4, 9, 0, 0], [5, 0, 11, 0], [8, 17, 17, 0], [8, 14, 20, 0], [8, 18, 26, 0], [5, 20, 20, 0], [7, 22, 0, 0], [5, 0, 24, 0], [5, 21, 21, 0], [5, 20, 17, 0], [5, 0, 13, 14], [8, 0, 13, 8], [3, 0, 0, 5], triangle
[6, 0, 0, 8], [6, 0, 0, 10], [5, 0, 17, 0], [8, 0, 19, 23], [8, 0, 19, 0], [8, 0, 19, 0], [5, 23, 16, 0], [8, 0, 16, 0], [5, 15, 13, 0], [4, 12, 0, 0], [4, 8, 0, 0], [5, 0, 8, 0], [5, 0, 8, 0], [6, 0, 0, 8], [6, 0, 0, 7], [6, 0, 0, 8], triangle
[3, 0, 0, 4], [6, 0, 0, 6], [6, 0, 0, 9], [9, 0, 0, 18], [5, 0, 17, 19], [8, 0, 22, 20], [8, 0, 23, 0], [8, 0, 23, 0], [5, 0, 24, 0], [5, 0, 18, 0], [4, 19, 0, 0], [4, 16, 0, 0], [4, 9, 0, 0], [4, 8, 0, 0], [4, 7, 0, 0], [4, 9, 0, 0], [5, 0, 9, 0], [6, 0, 0, 7], [6, 0, 0, 8], [6, 0, 0, 8], triangle
[4, 7, 0, 0], [4, 11, 0, 0], [4, 12, 0, 0], [5, 18, 22, 0], [8, 21, 24, 0], [8, 22, 22, 0], [8, 25, 26, 0], [8, 0, 26, 0], [5, 0, 21, 0], [5, 0, 17, 18], [5, 0, 13, 0], [6, 0, 0, 8], [6, 0, 0, 7], triangle
[9, 0, 0, 18], [5, 0, 16, 20], [8, 0, 24, 24], [8, 0, 22, 22], [8, 0, 23, 24], [8, 0, 24, 27], [5, 24, 21, 0], [8, 21, 21, 0], [5, 0, 16, 0], [8, 0, 17, 0], [4, 11, 0, 0], [4, 11, 0, 0], [4, 8, 0, 0], [4, 8, 0, 0], [4, 11, 0, 0], [5, 0, 11, 0], [5, 0, 8, 0], [6, 0, 0, 11], [6, 0, 0, 7], triangle
[5, 0, 9, 0], [4, 8, 0, 0], [4, 8, 0, 0], [7, 15, 0, 0], [5, 13, 16, 0], [8, 18, 17, 0], [8, 20, 27, 0], [8, 22, 29, 0], [5, 23, 24, 0], [5, 29, 21, 0], [8, 29, 20, 0], [8, 21, 19, 21], [5, 0, 13, 0], [5, 0, 11, 0], [5, 0, 12, 8], [3, 0, 0, 5], [6, 0, 0, 6], [6, 0, 0, 9], triangle
[6, 0, 0, 6], [3, 0, 0, 5], [5, 0, 9, 0], [5, 0, 6, 0], [4, 7, 0, 0], [4, 8, 0, 0], [5, 10, 14, 0], [8, 14, 19, 0], [8, 29, 19, 0], [8, 0, 21, 0], [8, 0, 24, 0], [8, 0, 28, 0], [5, 26, 21, 0], [8, 29, 19, 0], [5, 0, 14, 0], [8, 0, 13, 11], [6, 0, 0, 7], [6, 0, 0, 11], triangle
[6, 0, 0, 6], [6, 0, 0, 8], [9, 0, 0, 14], [5, 0, 15, 19], [8, 0, 22, 21], [8, 0, 22, 24], [8, 0, 21, 26], [8, 28, 21, 0], [8, 0, 21, 0], [5, 19, 17, 0], [5, 12, 13, 0], [4, 9, 0, 0], [4, 7, 0, 0], [4, 7, 0, 0], [5, 15, 11, 0], [5, 0, 8, 0], [6, 0, 0, 6], [6, 0, 0, 7], triangle
[8, 0, 16, 17], [8, 0, 19, 0], [8, 28, 24, 0], [5, 0, 21, 0], [5, 22, 18, 0], [5, 17, 14, 0], [4, 10, 0, 0], [4, 7, 0, 0], [4, 8, 0, 0], [4, 8, 0, 0], [5, 0, 9, 0], [6, 0, 0, 7], [6, 0, 0, 6], triangle
[6, 0, 0, 7], [6, 0, 0, 8], [5, 0, 16, 15], [9, 0, 0, 20], [5, 0, 20, 21], [9, 0, 0, 23], [5, 0, 23, 0], [8, 0, 23, 22], [5, 29, 19, 0], [8, 0, 19, 0], [5, 14, 12, 0], [7, 13, 0, 0], [4, 9, 0, 0], [7, 16, 0, 0], [7, 15, 0, 0], [5, 0, 10, 0], [5, 0, 8, 0], [6, 0, 0, 7], [6, 0, 0, 7], [6, 0, 0, 6], [6, 0, 0, 7], triangle
[4, 10, 0, 0], [4, 6, 0, 0], [5, 16, 15, 0], [8, 14, 16, 0], [8, 27, 18, 0], [8, 21, 21, 0], [8, 0, 24, 0], [8, 22, 24, 22], [5, 20, 21, 0], [5, 0, 13, 12], [6, 0, 0, 9], [6, 0, 0, 8], [6, 0, 0, 8], [6, 0, 0, 7], [6, 0, 0, 9], [5, 0, 9, 0], [5, 0, 8, 0], [4, 10, 0, 0], [4, 8, 0, 0], [4, 9, 0, 0], [4, 9, 0, 0], triangle
[5, 0, 8, 0], [6, 0, 0, 6], [3, 0, 0, 4], [3, 0, 0, 4], [6, 0, 0, 7], [6, 0, 0, 9], [6, 0, 0, 12], [5, 0, 18, 15], [9, 0, 0, 16], [5, 0, 22, 17], [8, 0, 22, 17], [5, 0, 18, 0], [5, 0, 15, 0], [5, 0, 11, 0], [4, 12, 0, 0], [4, 9, 0, 0], [4, 9, 0, 0], [4, 9, 0, 0], triangle
[5, 8, 9, 0], [8, 15, 13, 0], [8, 0, 15, 0], [8, 24, 16, 0], [8, 21, 19, 0], [8, 23, 19, 0], [8, 0, 20, 0], [6, 0, 0, 11], [6, 0, 0, 7], [3, 0, 0, 5], [3, 0, 0, 5], [3, 0, 0, 4], [6, 0, 0, 6], [5, 0, 8, 0], [4, 9, 0, 0], [4, 7, 0, 0], [4, 9, 0, 0], [4, 7, 0, 0], triangle
[4, 8, 0, 0], [5, 0, 5, 0], [6, 0, 0, 3], [3, 0, 0, 4], [6, 0, 0, 7], [6, 0, 0, 11], [5, 0, 18, 14], [8, 0, 19, 17], [8, 0, 21, 20], [8, 0, 22, 0], [8, 0, 22, 0], [8, 0, 21, 17], [8, 23, 19, 0], [5, 0, 13, 0], [4, 10, 0, 0], [4, 8, 0, 0], [4, 9, 0, 0], [4, 11, 0, 0], [4, 11, 0, 0], triangle
[4, 12, 0, 0], [4, 10, 0, 0], [7, 15, 0, 0], [5, 0, 19, 0], [8, 0, 18, 0], [8, 30, 19, 0], [4, 26, 0, 0], [5, 0, 16, 12], [9, 0, 0, 13], [6, 0, 0, 7], [3, 0, 0, 5], [6, 0, 0, 6], [5, 0, 11, 0], [5, 0, 9, 0], [4, 10, 0, 0], [4, 12, 0, 0], [4, 10, 0, 0], triangle
[5, 13, 10, 0], [5, 0, 9, 0], [6, 0, 0, 7], [6, 0, 0, 7], [6, 0, 0, 11], [5, 0, 17, 20], [8, 0, 18, 16], [8, 0, 22, 0], [8, 0, 23, 0], [5, 0, 26, 21], [5, 0, 23, 0], [8, 0, 21, 0], [5, 0, 18, 0], [5, 0, 14, 0], [5, 12, 11, 0], [4, 9, 0, 0], triangle
[5, 0, 6, 0], [6, 0, 0, 5], [6, 0, 0, 6], [6, 0, 0, 9], [6, 0, 0, 11], [5, 0, 18, 0], [8, 0, 23, 18], [5, 0, 26, 0], [8, 0, 25, 0], [8, 0, 23, 19], [5, 0, 19, 0], [8, 0, 20, 0], [4, 18, 0, 0], [4, 13, 0, 0], [4, 10, 0, 0], [4, 8, 0, 0], [4, 13, 0, 0], triangle
[4, 9, 0, 0], [5, 0, 7, 0], [6, 0, 0, 7], [6, 0, 0, 7], [6, 0, 0, 10], [6, 0, 0, 12], [5, 0, 19, 0], [6, 0, 0, 19], [5, 0, 23, 0], [8, 0, 24, 22], [5, 0, 22, 21], [8, 0, 21, 0], [4, 30, 0, 0], [5, 0, 17, 0], [5, 10, 12, 0], [4, 9, 0, 0], triangle
[6, 0, 0, 8], [5, 0, 7, 0], [5, 0, 12, 0], [4, 8, 0, 0], [4, 7, 0, 0], [4, 6, 0, 0], [5, 12, 15, 0], [8, 15, 14, 0], [8, 0, 18, 0], [8, 0, 21, 0], [8, 0, 23, 0], [8, 0, 25, 0], [8, 0, 28, 0], [5, 0, 24, 19], [5, 0, 18, 17], [5, 0, 15, 0], [6, 0, 0, 9], [6, 0, 0, 8], [6, 0, 0, 11], triangle
[6, 0, 0, 7], [5, 0, 8, 0], [4, 10, 0, 0], [5, 9, 11, 0], [8, 0, 15, 0], [8, 18, 22, 0], [8, 0, 23, 0], [8, 0, 24, 0], [6, 0, 0, 22], [5, 0, 26, 22], [5, 0, 21, 0], [5, 0, 18, 13], [9, 0, 0, 17], [6, 0, 0, 8], [6, 0, 0, 10], triangle
[7, 15, 0, 0], [5, 14, 11, 0], [5, 0, 11, 8], [6, 0, 0, 6], [6, 0, 0, 6], [6, 0, 0, 9], [6, 0, 0, 12], [9, 0, 0, 18], [5, 0, 21, 0], [6, 0, 0, 24], [6, 0, 0, 23], [9, 0, 0, 23], [5, 0, 29, 0], [5, 0, 21, 0], [8, 0, 20, 0], [5, 26, 14, 0], [5, 18, 10, 0], [4, 9, 0, 0], triangle
[5, 0, 11, 0], [6, 0, 0, 9], [6, 0, 0, 7], [6, 0, 0, 7], [6, 0, 0, 11], [6, 0, 0, 11], [5, 0, 20, 13], [8, 0, 19, 25], [5, 0, 27, 0], [6, 0, 0, 24], [5, 0, 24, 0], [8, 0, 22, 0], [5, 26, 19, 0], [5, 21, 14, 0], [8, 0, 13, 0], [5, 11, 13, 0], [8, 0, 15, 0], [4, 19, 0, 0], triangle
[5, 0, 13, 0], [5, 0, 12, 0], [5, 0, 11, 0], [5, 0, 10, 0], [5, 0, 10, 0], [6, 0, 0, 8], [6, 0, 0, 8], [9, 0, 0, 13], [9, 0, 0, 13], [6, 0, 0, 12], [9, 0, 0, 16], [5, 0, 29, 0], [5, 0, 24, 22], [8, 0, 25, 18], [5, 0, 17, 13], [5, 0, 16, 0], [6, 0, 0, 16], [6, 0, 0, 13], [5, 0, 13, 0], triangle
[8, 0, 15, 0], [8, 0, 15, 0], [8, 12, 15, 0], [4, 11, 0, 0], [4, 11, 0, 0], [4, 10, 0, 0], [5, 12, 15, 0], [8, 17, 16, 0], [7, 20, 0, 0], [5, 28, 24, 0], [8, 27, 26, 0], [5, 0, 29, 0], [5, 0, 25, 0], [4, 28, 0, 0], [5, 0, 18, 0], [6, 0, 0, 18], [6, 0, 0, 11], [5, 0, 12, 13], [8, 0, 15, 0], triangle
[6, 0, 0, 13], [6, 0, 0, 11], [6, 0, 0, 11], [6, 0, 0, 14], [6, 0, 0, 29], [6, 0, 0, 22], [5, 0, 22, 19], [9, 0, 0, 20], [9, 0, 0, 18], triangle
, triangle
[9, 0, 0, 29], triangle
[5, 0, 22, 0], [5, 0, 16, 0], [8, 0, 14, 0], [8, 0, 15, 0], [6, 0, 0, 13], [6, 0, 0, 19], [6, 0, 0, 24], [9, 0, 0, 24], [5, 0, 25, 24], [9, 0, 0, 23], triangle
[8, 0, 23, 0], [5, 0, 24, 0], [8, 23, 28, 0], [4, 18, 0, 0], [7, 22, 0, 0], [4, 17, 0, 0], [5, 0, 16, 0], [4, 14, 0, 0], [5, 0, 12, 0], [5, 0, 9, 12], [5, 0, 11, 16], [5, 0, 12, 0], [5, 0, 12, 0], [8, 0, 16, 0], [8, 0, 24, 0], [5, 0, 22, 0], [8, 0, 23, 0], [8, 23, 23, 0], [5, 22, 19, 0], triangle
[5, 0, 27, 0], [5, 0, 22, 0], [8, 24, 24, 0], [5, 18, 20, 0], [4, 19, 0, 0], [5, 16, 16, 0], [5, 0, 11, 0], [8, 0, 13, 0], [8, 0, 13, 12], [5, 0, 19, 0], [8, 0, 21, 0], [8, 0, 20, 0], [8, 23, 21, 0], [8, 22, 20, 0], [8, 0, 22, 0], [5, 26, 17, 0], [5, 0, 19, 0], triangle
, triangle
[5, 0, 24, 0], [5, 0, 20, 0], [8, 0, 19, 0], [5, 0, 16, 0], [8, 0, 14, 0], [6, 0, 0, 13], [6, 0, 0, 13], [9, 0, 0, 19], [9, 0, 0, 17], [5, 0, 24, 19], [8, 0, 22, 0], [6, 0, 0, 19], [6, 0, 0, 24], [5, 0, 24, 0], [8, 0, 26, 0], triangle
[8, 0, 21, 0], [5, 0, 16, 0], [8, 0, 16, 0], [8, 0, 18, 0], [4, 16, 0, 0], [5, 0, 13, 0], [8, 0, 19, 0], [6, 0, 0, 15], [6, 0, 0, 12], [9, 0, 0, 18], [6, 0, 0, 11], [6, 0, 0, 11], [5, 0, 16, 0], [8, 0, 21, 18], [8, 0, 19, 0], [8, 0, 22, 0], [8, 0, 20, 20], [5, 0, 25, 0], [5, 0, 21, 0], triangle
[4, 22, 0, 0], [4, 19, 0, 0], [5, 0, 16, 13], [8, 0, 15, 11], [9, 0, 0, 15], [6, 0, 0, 11], [5, 0, 18, 15], [5, 0, 23, 19], [9, 0, 0, 22], [4, 28, 0, 0], [6, 0, 0, 23], [5, 0, 23, 18], triangle
, triangle
[9, 0, 0, 14], triangle
[9, 0, 0, 19], [9, 0, 0, 18], [6, 0, 0, 12], [6, 0, 0, 12], [5, 0, 14, 0], [8, 0, 16, 0], [6, 0, 0, 15], [5, 0, 21, 22], [8, 0, 21, 20], [9, 0, 0, 18], [5, 0, 22, 19], [5, 0, 17, 0], [6, 0, 0, 11], [6, 0, 0, 8], triangle
, triangle
[6, 0, 0, 8], triangle
[6, 0, 0, 9], [4, 9, 0, 0], [4, 10, 0, 0], [5, 0, 15, 0], [8, 0, 13, 0], [8, 0, 18, 0], [8, 29, 18, 19], [8, 0, 25, 0], [5, 0, 21, 0], [5, 0, 18, 19], [8, 0, 20, 18], [6, 0, 0, 11], [6, 0, 0, 11], [9, 0, 0, 14], triangle
[8, 0, 27, 0], [5, 0, 23, 0], [6, 0, 0, 7], [6, 0, 0, 6], [6, 0, 0, 11], [6, 0, 0, 8], [6, 0, 0, 11], [6, 0, 0, 16], [5, 0, 21, 0], triangle
[5, 0, 19, 0], [5, 0, 14, 0], [6, 0, 0, 12], [6, 0, 0, 8], [6, 0, 0, 9], [9, 0, 0, 13], [5, 0, 19, 0], [6, 0, 0, 19], [5, 0, 24, 0], triangle
[5, 0, 9, 0], [5, 0, 7, 0], [4, 12, 0, 0], [5, 0, 14, 0], [8, 0, 21, 0], [6, 0, 0, 23], [5, 0, 23, 21], [6, 0, 0, 13], [6, 0, 0, 11], [6, 0, 0, 8], [6, 0, 0, 7], [6, 0, 0, 9], [9, 0, 0, 16], triangle
[6, 0, 0, 8], [6, 0, 0, 13], [9, 0, 0, 15], [5, 0, 21, 19], [8, 0, 21, 19], [6, 0, 0, 26], [5, 0, 25, 24], [8, 0, 24, 25], [5, 0, 21, 0], [8, 0, 21, 0], [4, 16, 0, 0], [4, 13, 0, 0], [5, 0, 13, 0], triangle
[5, 0, 17, 0], [8, 28, 22, 0], [7, 26, 0, 0], [5, 0, 26, 0], [4, 27, 0, 0], [5, 0, 23, 21], [8, 0, 25, 21], [6, 0, 0, 15], [6, 0, 0, 12], [6, 0, 0, 11], [6, 0, 0, 10], [6, 0, 0, 10], [5, 0, 11, 0], [5, 0, 12, 0], triangle
, triangle
[7, 14, 0, 0], triangle
[5, 0, 22, 0], [8, 0, 25, 0], [8, 0, 28, 29], [8, 0, 28, 0], [6, 0, 0, 23], [6, 0, 0, 12], [6, 0, 0, 9], [6, 0, 0, 8], [6, 0, 0, 10], [6, 0, 0, 9], [6, 0, 0, 11], [6, 0, 0, 9], [5, 0, 10, 0], [4, 13, 0, 0], triangle
[5, 13, 13, 0], [5, 0, 11, 0], [6, 0, 0, 8], [6, 0, 0, 8], [6, 0, 0, 9], [6, 0, 0, 12], [5, 0, 16, 18], [9, 0, 0, 21], [9, 0, 0, 26], [5, 0, 27, 27], [8, 0, 29, 0], [8, 0, 29, 28], [8, 0, 29, 0], [5, 0, 29, 0], [4, 26, 0, 0], [5, 22, 19, 0], [5, 16, 14, 0], [8, 0, 13, 0], [4, 11, 0, 0], [7, 15, 0, 0], [7, 13, 0, 0], [7, 19, 0, 0], triangle
[5, 0, 6, 0], [4, 9, 0, 0], [4, 11, 0, 0], [4, 12, 0, 0], [5, 19, 18, 0], [8, 20, 21, 0], [8, 23, 24, 0], [8, 0, 26, 0], [4, 27, 0, 0], [5, 0, 27, 0], [5, 0, 22, 0], [8, 27, 25, 18], [5, 0, 13, 0], [6, 0, 0, 10], [6, 0, 0, 9], [6, 0, 0, 8], [9, 0, 0, 13], [6, 0, 0, 11], triangle
[6, 0, 0, 5], [3, 0, 0, 4], [3, 0, 0, 5], [6, 0, 0, 6], [6, 0, 0, 10], [9, 0, 0, 13], [5, 0, 15, 16], [8, 0, 21, 21], [8, 0, 26, 22], [9, 0, 0, 25], [5, 0, 26, 0], [8, 0, 25, 0], [5, 29, 21, 0], [5, 18, 14, 0], [5, 13, 11, 0], [5, 9, 9, 0], [4, 8, 0, 0], triangle
[4, 8, 0, 0], [4, 10, 0, 0], [5, 12, 9, 0], [6, 0, 0, 8], [5, 0, 8, 11], [8, 0, 14, 12], [8, 0, 15, 0], [8, 0, 18, 0], [8, 0, 25, 0], [8, 0, 23, 0], [8, 0, 29, 0], [5, 29, 24, 0], [5, 0, 21, 0], [8, 23, 21, 0], [4, 19, 0, 0], [4, 11, 0, 0], [4, 8, 0, 0], [4, 8, 0, 0], triangle
[6, 0, 0, 11], [6, 0, 0, 8], [5, 0, 7, 0], [5, 5, 10, 0], [8, 8, 13, 0], [8, 15, 13, 0], [8, 18, 18, 0], [8, 22, 23, 0], [8, 24, 22, 0], [8, 23, 24, 0], [8, 24, 22, 0], [8, 0, 21, 0], [5, 19, 14, 0], [5, 0, 11, 9], [6, 0, 0, 6], [6, 0, 0, 6], [6, 0, 0, 7], triangle
[6, 0, 0, 7], [6, 0, 0, 7], [5, 0, 9, 0], [5, 0, 7, 0], [5, 8, 11, 0], [5, 8, 11, 0], [8, 11, 14, 0], [8, 15, 20, 0], [7, 19, 0, 0], [5, 22, 23, 0], [8, 0, 23, 0], [8, 28, 22, 0], [8, 0, 22, 0], [8, 0, 20, 20], [5, 0, 14, 8], [5, 0, 10, 3], [3, 0, 0, 5], [6, 0, 0, 8], triangle
[5, 0, 7, 0], [6, 0, 0, 4], [3, 0, 0, 5], [6, 0, 0, 8], [6, 0, 0, 11], [5, 0, 16, 16], [8, 0, 21, 20], [8, 0, 24, 24], [9, 0, 0, 29], [5, 0, 28, 0], [5, 0, 25, 0], [5, 0, 19, 24], [5, 19, 15, 0], [5, 15, 10, 0], [5, 12, 8, 0], [2, 0, 5, 0], [5, 0, 7, 0], triangle
[6, 0, 0, 7], [5, 0, 7, 0], [5, 0, 8, 0], [4, 5, 0, 0], [4, 8, 0, 0], [4, 9, 0, 0], [5, 12, 19, 0], [8, 17, 18, 0], [8, 28, 23, 0], [8, 23, 23, 0], [8, 26, 22, 0], [8, 27, 21, 0], [6, 0, 0, 21], [5, 0, 16, 18], [5, 0, 13, 0], [5, 0, 11, 8], [5, 0, 11, 8], [6, 0, 0, 12], triangle
[5, 0, 7, 0], [2, 0, 4, 0], [5, 0, 8, 0], [5, 8, 7, 0], [4, 11, 0, 0], [5, 0, 11, 0], [8, 9, 13, 0], [8, 0, 15, 0], [8, 16, 18, 0], [8, 19, 19, 0], [8, 21, 21, 0], [8, 23, 27, 0], [5, 29, 19, 0], [8, 21, 18, 21], [5, 24, 14, 0], [5, 0, 11, 10], [6, 0, 0, 9], [6, 0, 0, 13], triangle
[4, 12, 0, 0], [4, 11, 0, 0], [5, 0, 7, 0], [5, 0, 9, 7], [6, 0, 0, 6], [6, 0, 0, 8], [6, 0, 0, 9], [6, 0, 0, 11], [5, 0, 17, 16], [8, 0, 21, 24], [8, 0, 24, 0], [8, 0, 26, 0], [8, 0, 26, 0], [8, 0, 26, 0], [8, 0, 24, 0], [5, 21, 16, 0], [5, 15, 13, 0], [5, 11, 10, 0], [5, 11, 7, 0], [5, 0, 11, 0], [5, 0, 8, 0], triangle
[6, 0, 0, 8], [6, 0, 0, 6], [5, 0, 5, 0], [5, 0, 7, 0], [5, 0, 8, 0], [4, 10, 0, 0], [5, 14, 12, 0], [8, 16, 15, 0], [8, 23, 19, 0], [8, 21, 19, 0], [8, 0, 22, 0], [8, 0, 21, 29], [8, 25, 19, 0], [7, 23, 0, 0], [5, 0, 14, 0], [8, 0, 14, 9], triangle
[5, 0, 23, 0], [6, 0, 0, 16], [6, 0, 0, 8], [6, 0, 0, 7], [5, 0, 13, 0], [8, 0, 17, 0], [8, 0, 18, 17], [8, 0, 20, 23], [8, 0, 19, 19], [8, 0, 21, 20], triangle
[8, 0, 22, 0], [8, 0, 25, 0], [5, 0, 22, 0], [6, 0, 0, 15], [5, 0, 16, 13], [6, 0, 0, 10], [6, 0, 0, 9], [6, 0, 0, 8], [6, 0, 0, 9], [5, 0, 8, 0], [5, 0, 10, 0], [4, 10, 0, 0], [4, 8, 0, 0], [4, 8, 0, 0], [4, 7, 0, 0], [5, 8, 10, 0], [5, 13, 11, 14], [8, 0, 15, 14], [5, 0, 19, 16], [8, 0, 19, 16], [8, 0, 18, 17], [8, 0, 18, 14], [5, 0, 15, 18], triangle
[5, 0, 22, 15], [9, 0, 0, 20], [5, 0, 21, 0], [5, 0, 16, 14], [5, 0, 13, 12], [5, 0, 12, 0], [8, 12, 14, 0], [8, 0, 13, 0], [5, 0, 12, 0], [5, 0, 10, 0], [6, 0, 0, 7], [6, 0, 0, 6], [6, 0, 0, 7], [6, 0, 0, 9], [5, 0, 18, 10], [8, 0, 20, 18], [8, 0, 24, 0], [5, 0, 19, 21], [6, 0, 0, 18], [5, 0, 21, 18], triangle
[9, 0, 0, 18], [9, 0, 0, 21], [5, 0, 22, 0], [6, 0, 0, 19], [5, 0, 18, 15], [5, 0, 13, 0], [4, 16, 0, 0], [4, 10, 0, 0], [5, 0, 8, 0], [6, 0, 0, 7], [6, 0, 0, 6], [6, 0, 0, 7], [6, 0, 0, 8], [6, 0, 0, 11], [5, 0, 19, 15], [8, 0, 18, 0], [5, 0, 20, 18], [5, 0, 18, 0], triangle
[5, 0, 24, 0], [8, 0, 25, 0], [6, 0, 0, 21], [6, 0, 0, 16], [9, 0, 0, 14], [6, 0, 0, 12], [6, 0, 0, 8], [6, 0, 0, 6], [4, 7, 0, 0], [4, 6, 0, 0], [7, 13, 0, 0], [5, 0, 16, 0], [8, 0, 26, 0], [5, 0, 19, 19], [8, 0, 22, 0], [8, 0, 22, 0], [8, 0, 24, 14], [6, 0, 0, 10], [6, 0, 0, 9], [6, 0, 0, 9], [6, 0, 0, 11], [5, 0, 14, 0], triangle
[6, 0, 0, 23], [9, 0, 0, 21], [5, 0, 25, 0], [5, 0, 19, 20], [8, 0, 17, 0], [5, 0, 14, 0], [6, 0, 0, 7], [6, 0, 0, 6], [5, 0, 20, 0], triangle
, triangle
[5, 0, 18, 0], [5, 17, 10, 0], [4, 8, 0, 0], [5, 0, 11, 0], [5, 0, 11, 0], [6, 0, 0, 7], [6, 0, 0, 8], [6, 0, 0, 7], [6, 0, 0, 11], [5, 0, 16, 11], [8, 0, 19, 15], [8, 0, 21, 17], [5, 0, 20, 0], triangle
[5, 0, 25, 0], [5, 0, 16, 0], [5, 0, 13, 0], [8, 0, 14, 0], [6, 0, 0, 7], [6, 0, 0, 6], [6, 0, 0, 6], [6, 0, 0, 10], [5, 0, 17, 17], [5, 0, 25, 22], [5, 0, 21, 22], triangle
[5, 25, 21, 0], [5, 0, 16, 0], [5, 0, 10, 0], [6, 0, 0, 8], [6, 0, 0, 8], [6, 0, 0, 10], [5, 0, 16, 17], [8, 0, 18, 0], [8, 0, 19, 0], [8, 0, 26, 0], [5, 0, 21, 0], [8, 26, 19, 19], [8, 0, 21, 0], triangle
[8, 0, 21, 0], [8, 0, 20, 25], [5, 0, 19, 0], [5, 20, 15, 0], [5, 15, 12, 0], [5, 0, 9, 0], [5, 0, 8, 0], [5, 0, 9, 0], [6, 0, 0, 6], [6, 0, 0, 6], [6, 0, 0, 11], [9, 0, 0, 15], [5, 0, 21, 16], [8, 0, 19, 19], [8, 0, 19, 0], [8, 0, 19, 23], [8, 0, 19, 0], [6, 0, 0, 18], triangle
[8, 0, 20, 24], [8, 0, 23, 23], [9, 0, 0, 26], [5, 0, 21, 21], [4, 27, 0, 0], [5, 0, 17, 0], [5, 26, 14, 0], [5, 14, 9, 0], [5, 0, 7, 0], [5, 0, 7, 0], [6, 0, 0, 5], [6, 0, 0, 8], [6, 0, 0, 10], [6, 0, 0, 12], [5, 0, 18, 15], [8, 0, 16, 16], [8, 0, 22, 18], [8, 0, 20, 0], [8, 0, 19, 18], [8, 22, 21, 22], [5, 0, 17, 0], triangle
[8, 0, 14, 0], [8, 0, 16, 0], [8, 0, 21, 21], [8, 0, 20, 18], [8, 21, 18, 0], [8, 21, 18, 0], [5, 13, 14, 0], [4, 9, 0, 0], [4, 9, 0, 0], [5, 0, 10, 0], [6, 0, 0, 8], [3, 0, 0, 5], [6, 0, 0, 8], [6, 0, 0, 8], [5, 0, 14, 13], [8, 0, 16, 0], [8, 0, 17, 0], [8, 0, 20, 0], [8, 0, 23, 0], [8, 26, 27, 0], [5, 23, 19, 0], [4, 16, 0, 0], triangle
[8, 0, 14, 23], [8, 0, 18, 0], [8, 0, 24, 19], [5, 0, 19, 20], [8, 0, 18, 15], [6, 0, 0, 10], [6, 0, 0, 8], [5, 0, 6, 0], [4, 5, 0, 0], [4, 6, 0, 0], [5, 0, 9, 0], [8, 13, 13, 0], [8, 16, 16, 21], [8, 21, 18, 24], [8, 21, 18, 26], [8, 21, 22, 19], [5, 0, 19, 0], [8, 0, 17, 0], [8, 0, 16, 0], [5, 0, 13, 0], triangle
[8, 0, 13, 0], [8, 0, 16, 0], [8, 0, 20, 24], [8, 0, 20, 0], [5, 18, 15, 0], [8, 13, 15, 0], [4, 10, 0, 0], [4, 8, 0, 0], [4, 11, 0, 0], [5, 0, 8, 0], [6, 0, 0, 8], [3, 0, 0, 5], [6, 0, 0, 6], [6, 0, 0, 6], [6, 0, 0, 8], [5, 0, 11, 0], [8, 0, 16, 0], [8, 0, 17, 0], [8, 22, 21, 21], [8, 0, 19, 0], [8, 0, 23, 26], [5, 0, 18, 0], [8, 0, 16, 16], [5, 0, 12, 0], triangle
[8, 0, 15, 0], [8, 18, 15, 0], [8, 0, 17, 0], [8, 23, 18, 0], [8, 0, 17, 22], [8, 0, 15, 0], [8, 0, 15, 9], [6, 0, 0, 10], [6, 0, 0, 7], [5, 0, 5, 0], [4, 6, 0, 0], [1, 5, 0, 0], [7, 15, 0, 0], [5, 0, 8, 0], [5, 0, 11, 0], [8, 0, 13, 19], [8, 0, 18, 18], [8, 0, 24, 24], [8, 21, 23, 18], [5, 0, 19, 0], [8, 0, 17, 18], [8, 0, 17, 0], triangle
[5, 0, 16, 19], [8, 0, 23, 0], [5, 0, 16, 20], [5, 0, 12, 0], [8, 15, 14, 0], [4, 8, 0, 0], [4, 8, 0, 0], [5, 0, 8, 0], [5, 0, 8, 0], [6, 0, 0, 5], [3, 0, 0, 5], [6, 0, 0, 8], [6, 0, 0, 7], [6, 0, 0, 8], [5, 0, 12, 12], [8, 0, 15, 15], [8, 0, 18, 0], [8, 24, 17, 19], [8, 0, 17, 19], [8, 0, 18, 25], [8, 23, 18, 0], [8, 0, 16, 0], [8, 0, 16, 0], triangle
[8, 0, 17, 0], [4, 20, 0, 0], [5, 0, 17, 11], [6, 0, 0, 8], [5, 0, 6, 0], [4, 29, 0, 0], [5, 0, 8, 0], [5, 0, 9, 0], [5, 0, 10, 0], [8, 17, 15, 0], [7, 20, 0, 0], [5, 0, 16, 0], [8, 0, 15, 0], [8, 0, 13, 0], [5, 0, 11, 0], [5, 0, 10, 0], triangle
[5, 0, 16, 17], [9, 0, 0, 21], [5, 0, 17, 21], [8, 0, 16, 17], [8, 0, 15, 0], [8, 0, 13, 0], [4, 9, 0, 0], [4, 6, 0, 0], [4, 6, 0, 0], [4, 8, 0, 0], [5, 0, 6, 0], [6, 0, 0, 6], [3, 0, 0, 4], [3, 0, 0, 4], [6, 0, 0, 6], [6, 0, 0, 9], [6, 0, 0, 11], [5, 0, 13, 0], [8, 29, 19, 0], [7, 28, 0, 0], [5, 21, 18, 0], [8, 23, 21, 19], [5, 0, 17, 0], [8, 0, 18, 0], [8, 0, 18, 0], triangle
[6, 0, 0, 16], [9, 0, 0, 19], [5, 0, 24, 20], [5, 0, 19, 0], [5, 0, 14, 0], [4, 14, 0, 0], [4, 8, 0, 0], [4, 11, 0, 0], [5, 0, 9, 0], [2, 0, 5, 0], [6, 0, 0, 5], [6, 0, 0, 11], [6, 0, 0, 11], [5, 0, 14, 0], [8, 0, 15, 20], [8, 0, 15, 0], [8, 0, 16, 20], [5, 0, 13, 0], [8, 0, 16, 0], [5, 0, 12, 0], triangle
[8, 22, 15, 0], [8, 0, 19, 0], [8, 0, 18, 0], [8, 0, 21, 0], [5, 0, 17, 0], [5, 0, 14, 16], [8, 0, 13, 0], [6, 0, 0, 8], [4, 5, 0, 0], [1, 5, 0, 0], [1, 5, 0, 0], [5, 8, 9, 0], [5, 0, 8, 0], [8, 0, 13, 0], [8, 0, 14, 0], [8, 0, 17, 19], [8, 0, 19, 23], [8, 0, 22, 0], [5, 0, 19, 20], [5, 0, 16, 16], [5, 0, 12, 0], triangle
[8, 0, 20, 0], [6, 0, 0, 18], [9, 0, 0, 18], [5, 0, 18, 0], [8, 0, 20, 0], [5, 0, 15, 0], [5, 12, 12, 0], [4, 10, 0, 0], [4, 7, 0, 0], [5, 8, 9, 0], [5, 0, 6, 0], [5, 0, 7, 0], [6, 0, 0, 3], [3, 0, 0, 4], [3, 0, 0, 5], [9, 0, 0, 17], [6, 0, 0, 11], [5, 0, 13, 22], [8, 0, 16, 16], [8, 0, 16, 18], [8, 27, 20, 0], [5, 0, 17, 17], [6, 0, 0, 15], triangle
[8, 0, 16, 0], [5, 0, 18, 20], [8, 18, 16, 19], [8, 0, 17, 0], [5, 0, 13, 15], [5, 0, 12, 13], [6, 0, 0, 12], [6, 0, 0, 11], [5, 9, 8, 0], [5, 0, 10, 0], [8, 14, 15, 0], [8, 14, 16, 0], [8, 0, 16, 0], [8, 0, 19, 20], [8, 0, 19, 19], [8, 0, 19, 20], [5, 21, 16, 0], [5, 0, 13, 0], triangle
[8, 0, 13, 0], [8, 0, 13, 18], [8, 0, 20, 16], [5, 0, 17, 0], [8, 0, 17, 0], [8, 0, 19, 0], [5, 0, 14, 0], [8, 11, 15, 0], [4, 9, 0, 0], [4, 8, 0, 0], [4, 7, 0, 0], [4, 10, 0, 0], [5, 0, 6, 0], [5, 0, 9, 0], [6, 0, 0, 4], [3, 0, 0, 4], [6, 0, 0, 8], [6, 0, 0, 9], [5, 0, 14, 0], [8, 0, 14, 17], [8, 0, 19, 18], [8, 0, 18, 19], [8, 27, 17, 0], [8, 0, 24, 0], triangle
[5, 0, 21, 19], [9, 0, 0, 22], [5, 0, 23, 22], [5, 0, 20, 23], [8, 21, 18, 0], [8, 19, 19, 0], [4, 11, 0, 0], [4, 10, 0, 0], [4, 10, 0, 0], [5, 0, 8, 0], [6, 0, 0, 4], [3, 0, 0, 4], [3, 0, 0, 5], [6, 0, 0, 9], [6, 0, 0, 11], [5, 0, 15, 19], [8, 0, 19, 23], [8, 0, 19, 0], [8, 0, 19, 0], [8, 0, 23, 0], [5, 0, 17, 0], triangle
[8, 19, 15, 0], [8, 0, 24, 0], [8, 0, 22, 0], [8, 0, 21, 0], [5, 23, 17, 0], [6, 0, 0, 14], [6, 0, 0, 11], [6, 0, 0, 8], [6, 0, 0, 6], [3, 0, 0, 5], [6, 0, 0, 6], [5, 0, 5, 0], [4, 6, 0, 0], [4, 8, 0, 0], [5, 0, 9, 0], [5, 0, 8, 0], [8, 0, 13, 0], [8, 0, 14, 0], [8, 0, 25, 18], [5, 0, 19, 0], [8, 0, 19, 20], [8, 0, 19, 0], triangle
[8, 0, 16, 0], [8, 0, 16, 19], [8, 0, 17, 19], [8, 0, 16, 0], [5, 0, 13, 0], [8, 0, 14, 0], [4, 10, 0, 0], [4, 7, 0, 0], [4, 6, 0, 0], [4, 8, 0, 0], [6, 0, 0, 3], [3, 0, 0, 5], [3, 0, 0, 4], [6, 0, 0, 6], [6, 0, 0, 8], [5, 0, 12, 0], [5, 0, 12, 0], [8, 18, 16, 0], [8, 0, 17, 0], [8, 0, 18, 0], triangle
[4, 10, 0, 0], [5, 0, 8, 0], [6, 0, 0, 7], [6, 0, 0, 8], [5, 0, 10, 0], [8, 0, 15, 16], [8, 0, 19, 0], [8, 0, 19, 23], [8, 23, 21, 0], [8, 0, 27, 0], [5, 22, 21, 0], [8, 24, 23, 0], [4, 21, 0, 0], [5, 14, 14, 0], [4, 9, 0, 0], [4, 8, 0, 0], [4, 10, 0, 0], triangle
[5, 0, 8, 0], [5, 0, 8, 0], [5, 0, 11, 0], [8, 0, 13, 0], [8, 0, 14, 0], [8, 19, 18, 21], [8, 21, 24, 22], [5, 0, 20, 0], [5, 0, 17, 18], [5, 0, 14, 0], [6, 0, 0, 6], [6, 0, 0, 6], [6, 0, 0, 6], triangle
[6, 0, 0, 8], [5, 0, 7, 0], [5, 0, 9, 0], [5, 0, 12, 0], [8, 9, 14, 0], [8, 9, 16, 0], [8, 17, 17, 0], [8, 16, 17, 0], [8, 0, 19, 0], [8, 0, 22, 0], [8, 21, 24, 0], [5, 22, 19, 0], [8, 0, 27, 22], [5, 0, 16, 15], [5, 0, 13, 12], [6, 0, 0, 8], [6, 0, 0, 10], [6, 0, 0, 9], [6, 0, 0, 7], triangle
[6, 0, 0, 8], [6, 0, 0, 7], [6, 0, 0, 6], [5, 0, 13, 13], [8, 0, 17, 23], [8, 0, 19, 20], [9, 0, 0, 24], [5, 0, 28, 26], [5, 0, 24, 0], [8, 29, 23, 24], [8, 0, 21, 0], [5, 21, 17, 0], [8, 13, 16, 0], [4, 9, 0, 0], [4, 8, 0, 0], [4, 9, 0, 0], [5, 0, 11, 0], [6, 0, 0, 10], [6, 0, 0, 7], [6, 0, 0, 7], [6, 0, 0, 8], triangle
[5, 0, 6, 0], [5, 9, 11, 0], [5, 12, 12, 0], [8, 16, 18, 0], [8, 28, 19, 0], [8, 23, 21, 0], [8, 25, 22, 24], [8, 0, 23, 29], [8, 25, 21, 0], [8, 0, 23, 18], [5, 0, 16, 0], [8, 0, 14, 10], [6, 0, 0, 8], [6, 0, 0, 11], triangle
[5, 0, 5, 0], [5, 0, 6, 0], [4, 7, 0, 0], [5, 10, 13, 0], [8, 13, 16, 0], [8, 15, 20, 0], [8, 0, 19, 0], [8, 21, 24, 0], [5, 23, 21, 0], [8, 24, 22, 0], [8, 26, 23, 0], [5, 0, 16, 18], [8, 0, 17, 0], [6, 0, 0, 8], [6, 0, 0, 9], triangle
[5, 0, 9, 0], [5, 0, 8, 0], [5, 10, 10, 0], [5, 0, 11, 0], [8, 12, 18, 0], [8, 18, 16, 0], [8, 24, 21, 0], [8, 0, 23, 0], [8, 24, 25, 0], [5, 0, 22, 0], [8, 0, 21, 0], [8, 26, 20, 19], [5, 26, 16, 18], [6, 0, 0, 12], [6, 0, 0, 8], [9, 0, 0, 13], [6, 0, 0, 7], triangle
[8, 0, 21, 0], [8, 0, 20, 0], [8, 0, 21, 0], [4, 22, 0, 0], [5, 0, 23, 24], [5, 23, 15, 17], [6, 0, 0, 7], [6, 0, 0, 7], [5, 0, 7, 0], [4, 7, 0, 0], [5, 9, 11, 0], [8, 13, 13, 0], [8, 17, 15, 20], [8, 0, 20, 0], [8, 0, 24, 22], [4, 22, 0, 0], triangle
[8, 0, 19, 23], [8, 0, 19, 23], [5, 0, 18, 0], [8, 20, 16, 0], [8, 0, 14, 0], [4, 12, 0, 0], [4, 10, 0, 0], [4, 6, 0, 0], [4, 7, 0, 0], [5, 0, 9, 0], [5, 0, 7, 0], [6, 0, 0, 6], [3, 0, 0, 5], [3, 0, 0, 5], [6, 0, 0, 6], [9, 0, 0, 16], [5, 0, 17, 15], [8, 0, 16, 25], [8, 0, 22, 20], [5, 27, 24, 22], [5, 0, 21, 0], [8, 0, 19, 0], triangle
[8, 0, 19, 0], [8, 0, 19, 0], [8, 0, 28, 0], [6, 0, 0, 18], [6, 0, 0, 13], [6, 0, 0, 8], [6, 0, 0, 7], [3, 0, 0, 5], [6, 0, 0, 7], [5, 0, 6, 0], [5, 9, 10, 0], [4, 9, 0, 0], [4, 12, 0, 0], [5, 0, 8, 0], [5, 0, 10, 0], [8, 15, 13, 0], [8, 0, 15, 0], [8, 0, 19, 0], [8, 0, 26, 0], [5, 23, 21, 0], [5, 0, 17, 18], triangle
[6, 0, 0, 19], [9, 0, 0, 19], [5, 0, 20, 0], [8, 0, 26, 22], [8, 30, 24, 19], [5, 0, 18, 0], [8, 18, 16, 0], [5, 13, 12, 0], [7, 16, 0, 0], [5, 0, 8, 0], [5, 0, 6, 0], [6, 0, 0, 5], [3, 0, 0, 4], [3, 0, 0, 4], [6, 0, 0, 6], [6, 0, 0, 10], [5, 0, 16, 16], [8, 0, 15, 0], [8, 0, 20, 0], [8, 0, 24, 0], [5, 0, 21, 0], [8, 0, 19, 0], triangle
[8, 29, 15, 0], [8, 23, 20, 0], [6, 0, 0, 20], [6, 0, 0, 12], [6, 0, 0, 8], [6, 0, 0, 7], [6, 0, 0, 6], [3, 0, 0, 5], [5, 0, 6, 0], [4, 8, 0, 0], [5, 0, 9, 0], [5, 0, 12, 0], [8, 16, 13, 0], [8, 0, 15, 21], [8, 26, 23, 21], [5, 0, 20, 21], [5, 0, 17, 0], [8, 0, 16, 0], triangle
[8, 0, 17, 0], [8, 0, 17, 21], [8, 0, 19, 21], [8, 0, 20, 27], [8, 0, 20, 18], [5, 0, 17, 0], [8, 0, 15, 0], [4, 10, 0, 0], [5, 0, 7, 0], [6, 0, 0, 5], [3, 0, 0, 5], [3, 0, 0, 5], [6, 0, 0, 8], [6, 0, 0, 12], [5, 0, 24, 18], [5, 0, 20, 20], [8, 0, 20, 21], [8, 0, 24, 0], [5, 0, 18, 18], triangle
[8, 0, 14, 0], [8, 0, 15, 19], [8, 0, 19, 17], [8, 0, 17, 13], [9, 0, 0, 14], [6, 0, 0, 6], [6, 0, 0, 6], [3, 0, 0, 5], [6, 0, 0, 6], [4, 7, 0, 0], [4, 8, 0, 0], [4, 12, 0, 0], [5, 0, 12, 0], [8, 16, 15, 0], [8, 0, 23, 0], [5, 0, 20, 20], [8, 0, 18, 0], [8, 0, 17, 20], [5, 0, 12, 0], triangle
[8, 19, 24, 0], [5, 0, 21, 24], [8, 0, 30, 25], [5, 0, 26, 24], [5, 23, 23, 0], [5, 21, 18, 0], [5, 15, 13, 0], [7, 13, 0, 0], [4, 9, 0, 0], [4, 12, 0, 0], [5, 0, 8, 0], [6, 0, 0, 5], [5, 0, 11, 13], [8, 0, 13, 19], [8, 0, 17, 20], [8, 20, 22, 0], [8, 20, 21, 0], [5, 0, 18, 0], [8, 20, 16, 0], triangle
[8, 0, 16, 0], [8, 0, 18, 0], [8, 0, 16, 21], [8, 0, 15, 0], [6, 0, 0, 9], [6, 0, 0, 6], [6, 0, 0, 6], [5, 0, 7, 0], [4, 8, 0, 0], [4, 8, 0, 0], [4, 11, 0, 0], [5, 16, 14, 0], [8, 0, 16, 0], [8, 21, 18, 0], [8, 0, 21, 0], [8, 0, 20, 22], [8, 0, 20, 0], triangle
[6, 0, 0, 11], [6, 0, 0, 9], [6, 0, 0, 10], [5, 0, 10, 0], [4, 11, 0, 0], [5, 8, 10, 0], [5, 0, 12, 0], [8, 0, 15, 0], [8, 0, 15, 13], [8, 0, 16, 15], [8, 0, 18, 0], [8, 0, 16, 13], [8, 0, 14, 14], triangle
[9, 0, 0, 15], [5, 0, 20, 15], [8, 0, 19, 14], [5, 0, 16, 0], [8, 0, 16, 0], [5, 0, 10, 0], [5, 15, 11, 0], [8, 10, 14, 0], [8, 10, 13, 0], [5, 0, 8, 0], [5, 0, 7, 0], [6, 0, 0, 5], [6, 0, 0, 6], [6, 0, 0, 6], [6, 0, 0, 6], [9, 0, 0, 13], [5, 0, 14, 16], [8, 0, 17, 14], [8, 0, 16, 15], [8, 0, 17, 18], [8, 0, 17, 16], [8, 0, 18, 14], [8, 0, 18, 0], triangle
[5, 0, 8, 0], [2, 0, 5, 0], [5, 0, 9, 0], [4, 7, 0, 0], [4, 7, 0, 0], [4, 6, 0, 0], [5, 11, 9, 0], [5, 0, 12, 0], [8, 0, 16, 0], [8, 0, 19, 0], [8, 0, 20, 17], [9, 0, 0, 19], [5, 0, 18, 0], [5, 0, 15, 0], [6, 0, 0, 9], [6, 0, 0, 5], [6, 0, 0, 6], triangle
[6, 0, 0, 8], [6, 0, 0, 11], [9, 0, 0, 14], [9, 0, 0, 17], [5, 0, 22, 15], [9, 0, 0, 15], [5, 0, 18, 22], [8, 0, 18, 0], [5, 0, 13, 0], [5, 17, 12, 0], [4, 8, 0, 0], [4, 8, 0, 0], [4, 9, 0, 0], [5, 0, 7, 0], [5, 0, 7, 0], [6, 0, 0, 7], [3, 0, 0, 5], [6, 0, 0, 7], triangle
[6, 0, 0, 7], [5, 0, 5, 0], [4, 7, 0, 0], [5, 12, 12, 0], [8, 17, 18, 0], [8, 0, 17, 21], [9, 0, 0, 19], [5, 0, 22, 21], [5, 0, 20, 21], [6, 0, 0, 10], [6, 0, 0, 6], [3, 0, 0, 5], [9, 0, 0, 13], triangle
[5, 8, 11, 0], [5, 0, 6, 0], [6, 0, 0, 8], [6, 0, 0, 5], [6, 0, 0, 11], [6, 0, 0, 10], [9, 0, 0, 17], [9, 0, 0, 16], [5, 0, 19, 0], [8, 0, 19, 0], [8, 0, 20, 17], [8, 0, 22, 0], [5, 0, 16, 0], [5, 0, 12, 0], [4, 12, 0, 0], [5, 9, 11, 0], [4, 12, 0, 0], triangle
[5, 8, 8, 0], [2, 0, 5, 0], [6, 0, 0, 6], [3, 0, 0, 5], [6, 0, 0, 12], [5, 0, 14, 9], [8, 0, 20, 17], [8, 0, 21, 21], [8, 0, 20, 19], [8, 0, 22, 0], [8, 0, 23, 0], [8, 0, 22, 21], [5, 0, 18, 0], [8, 19, 17, 0], [5, 14, 11, 0], [5, 0, 10, 0], [4, 9, 0, 0], [4, 9, 0, 0], [4, 9, 0, 0], triangle
[4, 7, 0, 0], [5, 11, 11, 0], [8, 15, 17, 0], [8, 19, 18, 0], [8, 22, 17, 0], [8, 0, 21, 0], [8, 0, 21, 18], [5, 0, 16, 13], [6, 0, 0, 9], [6, 0, 0, 7], [6, 0, 0, 7], [6, 0, 0, 6], [6, 0, 0, 8], [5, 0, 12, 0], [5, 0, 11, 0], [8, 0, 13, 0], [4, 9, 0, 0], [4, 8, 0, 0], triangle
[8, 17, 21, 0], [5, 15, 18, 0], [8, 18, 19, 0], [8, 24, 25, 21], [8, 26, 29, 0], [8, 0, 27, 0], [5, 0, 28, 27], [8, 0, 27, 0], [8, 0, 26, 0], [6, 0, 0, 17], [9, 0, 0, 15], [6, 0, 0, 11], [6, 0, 0, 12], [6, 0, 0, 10], [5, 0, 13, 0], [8, 0, 16, 0], [4, 15, 0, 0], [5, 14, 18, 0], [7, 19, 0, 0], triangle
[4, 14, 0, 0], [5, 16, 16, 0], [8, 19, 15, 0], [8, 0, 19, 22], [8, 26, 27, 0], [8, 0, 27, 28], [8, 0, 28, 0], [5, 0, 28, 25], [8, 0, 27, 21], [9, 0, 0, 22], [6, 0, 0, 13], [6, 0, 0, 11], [9, 0, 0, 13], [6, 0, 0, 11], [9, 0, 0, 13], [5, 0, 13, 0], [5, 0, 12, 0], [8, 0, 15, 0], [4, 16, 0, 0], [4, 17, 0, 0], triangle
[7, 18, 0, 0], [5, 16, 13, 0], [5, 0, 11, 10], [6, 0, 0, 9], [6, 0, 0, 11], [6, 0, 0, 11], [9, 0, 0, 14], [5, 0, 18, 19], [8, 0, 20, 18], [8, 0, 27, 0], [5, 0, 29, 0], [5, 0, 22, 0], [8, 0, 25, 19], [4, 21, 0, 0], [5, 0, 15, 0], [5, 0, 16, 0], [8, 0, 18, 0], triangle
[4, 20, 0, 0], [5, 0, 20, 0], [6, 0, 0, 19], [5, 0, 22, 0], [6, 0, 0, 19], [5, 0, 25, 19], [9, 0, 0, 19], [9, 0, 0, 17], [9, 0, 0, 15], [9, 0, 0, 15], [9, 0, 0, 13], [9, 0, 0, 17], [9, 0, 0, 15], [9, 0, 0, 13], [6, 0, 0, 12], [5, 0, 17, 0], [5, 0, 14, 0], [8, 0, 14, 0], [8, 18, 14, 0], [8, 17, 13, 0], [8, 0, 16, 0], [5, 0, 11, 0], triangle
[6, 0, 0, 19], [9, 0, 0, 21], [9, 0, 0, 24], [9, 0, 0, 28], [5, 0, 26, 22], [8, 0, 24, 0], [5, 0, 21, 0], [8, 0, 19, 0], [5, 0, 16, 0], [6, 0, 0, 13], [6, 0, 0, 13], triangle
[5, 0, 13, 0], [6, 0, 0, 11], [6, 0, 0, 11], [6, 0, 0, 11], [6, 0, 0, 21], [9, 0, 0, 21], [5, 0, 23, 24], [8, 0, 27, 25], [9, 0, 0, 28], [6, 0, 0, 27], [5, 0, 21, 19], [5, 0, 16, 0], [5, 0, 13, 0], [8, 16, 13, 0], [8, 16, 13, 0], [8, 0, 14, 0], [8, 0, 17, 0], triangle
[9, 0, 0, 13], [9, 0, 0, 16], [5, 0, 29, 0], [5, 0, 24, 25], [5, 0, 28, 0], [8, 0, 27, 0], [8, 0, 27, 0], [5, 0, 19, 0], [8, 15, 17, 0], [4, 12, 0, 0], [5, 0, 16, 0], [8, 0, 14, 0], [8, 12, 13, 0], [5, 0, 12, 0], [6, 0, 0, 10], [9, 0, 0, 19], [6, 0, 0, 10], [6, 0, 0, 11], triangle
[3, 0, 0, 5], [6, 0, 0, 7], [6, 0, 0, 11], [5, 0, 14, 0], [8, 0, 22, 22], [8, 0, 24, 0], [8, 26, 25, 0], [8, 28, 26, 0], [8, 0, 25, 0], [5, 0, 22, 0], [5, 19, 18, 0], [7, 17, 0, 0], [4, 9, 0, 0], [4, 9, 0, 0], [4, 9, 0, 0], [4, 11, 0, 0], [4, 9, 0, 0], [5, 14, 8, 0], [5, 0, 8, 0], [6, 0, 0, 7], [6, 0, 0, 8], [6, 0, 0, 10], [6, 0, 0, 8], triangle
[6, 0, 0, 8], [6, 0, 0, 7], [5, 0, 13, 13], [9, 0, 0, 13], [5, 0, 26, 26], [5, 28, 23, 23], [8, 0, 26, 0], [8, 0, 29, 28], [8, 29, 29, 0], [8, 0, 29, 29], [8, 0, 27, 28], [4, 22, 0, 0], [5, 18, 17, 0], [4, 14, 0, 0], [4, 10, 0, 0], [4, 9, 0, 0], [4, 10, 0, 0], [5, 9, 15, 0], [4, 8, 0, 0], [5, 16, 8, 0], [5, 0, 10, 0], [6, 0, 0, 8], [6, 0, 0, 9], [6, 0, 0, 10], triangle
[6, 0, 0, 7], [6, 0, 0, 7], [6, 0, 0, 12], [5, 0, 13, 16], [5, 26, 24, 0], [8, 0, 27, 0], [8, 0, 27, 0], [8, 25, 25, 0], [5, 19, 21, 0], [4, 13, 0, 0], [4, 9, 0, 0], [4, 9, 0, 0], [7, 13, 0, 0], [4, 8, 0, 0], [5, 11, 11, 0], [5, 0, 8, 0], [5, 0, 10, 0], [6, 0, 0, 10], [6, 0, 0, 17], triangle
