[6, 0, 0, 11], [5, 0, 12, 8], [6, 0, 0, 8], [5, 0, 8, 0], [5, 0, 10, 0], [8, 0, 13, 0], [8, 19, 18, 18], [8, 22, 19, 23], [8, 25, 24, 27], [8, 24, 25, 0], [5, 0, 29, 0], [5, 28, 26, 0], [7, 26, 0, 0], [5, 0, 23, 0], v
[5, 0, 25, 0], [5, 0, 21, 0], [5, 19, 16, 0], [8, 0, 15, 0], [5, 13, 12, 0], [5, 0, 8, 0], [5, 0, 6, 0], [5, 0, 6, 0], [2, 0, 5, 0], [6, 0, 0, 8], [6, 0, 0, 9], [9, 0, 0, 13], [9, 0, 0, 14], [5, 0, 22, 13], [9, 0, 0, 16], [9, 0, 0, 14], v
[9, 0, 0, 24], [5, 0, 29, 0], [6, 0, 0, 20], [6, 0, 0, 16], [6, 0, 0, 9], [5, 0, 11, 0], [5, 0, 6, 0], [2, 0, 5, 0], [5, 0, 6, 0], [5, 0, 11, 0], [8, 12, 13, 0], [7, 16, 0, 0], [5, 20, 20, 0], [8, 23, 24, 0], [8, 25, 24, 0], [8, 27, 26, 0], [8, 26, 24, 0], v
[4, 21, 0, 0], [5, 0, 22, 0], [4, 21, 0, 0], [5, 16, 23, 0], [5, 13, 13, 0], [5, 0, 8, 0], [5, 0, 9, 0], [5, 0, 6, 0], [2, 0, 5, 0], [5, 0, 6, 0], [5, 0, 9, 10], [6, 0, 0, 10], [9, 0, 0, 14], [5, 0, 24, 19], [8, 0, 24, 20], [6, 0, 0, 17], v
[9, 0, 0, 16], [5, 0, 24, 19], [9, 0, 0, 19], [9, 0, 0, 20], [6, 0, 0, 16], [6, 0, 0, 13], [6, 0, 0, 8], [5, 0, 8, 11], [5, 0, 7, 0], [2, 0, 5, 0], [5, 0, 7, 0], [5, 0, 12, 0], [8, 16, 16, 0], [8, 20, 20, 0], [8, 23, 26, 0], [8, 26, 27, 0], [8, 28, 27, 0], [8, 28, 29, 0], [5, 28, 28, 0], v
[4, 25, 0, 0], [5, 29, 24, 0], [5, 29, 21, 0], [5, 0, 15, 0], [5, 0, 10, 0], [5, 0, 7, 0], [2, 0, 5, 0], [2, 0, 5, 6], [6, 0, 0, 12], [9, 0, 0, 15], [5, 0, 21, 0], [6, 0, 0, 22], [6, 0, 0, 25], [5, 0, 27, 23], [6, 0, 0, 20], v
[9, 0, 0, 21], [9, 0, 0, 19], [9, 0, 0, 21], [6, 0, 0, 16], [6, 0, 0, 9], [6, 0, 0, 7], [5, 0, 7, 0], [2, 0, 4, 0], [2, 0, 4, 0], [5, 0, 6, 0], [8, 0, 15, 0], [5, 19, 20, 0], [8, 21, 20, 0], [8, 23, 28, 0], [5, 22, 22, 0], [8, 26, 21, 0], [8, 0, 22, 0], v
[5, 22, 20, 0], [4, 18, 0, 0], [5, 14, 13, 0], [8, 11, 15, 0], [5, 0, 7, 0], [2, 0, 3, 0], [2, 0, 4, 0], [6, 0, 0, 5], [6, 0, 0, 8], [9, 0, 0, 14], [9, 0, 0, 17], [9, 0, 0, 17], [9, 0, 0, 18], [6, 0, 0, 17], [9, 0, 0, 15], v
[6, 0, 0, 21], [9, 0, 0, 23], [5, 0, 24, 0], [5, 0, 21, 0], [5, 0, 15, 10], [5, 0, 11, 0], [5, 0, 6, 0], [5, 0, 7, 0], [5, 0, 12, 0], [8, 14, 16, 0], [8, 20, 17, 0], [8, 20, 21, 0], [8, 25, 24, 0], [8, 0, 28, 0], [8, 0, 27, 0], [4, 26, 0, 0], [5, 25, 29, 0], v
[7, 24, 0, 0], [7, 23, 0, 0], [4, 20, 0, 0], [5, 21, 15, 0], [8, 13, 14, 0], [5, 0, 12, 0], [5, 0, 7, 0], [2, 0, 5, 0], [2, 0, 5, 0], [5, 0, 7, 11], [8, 0, 13, 10], [8, 0, 18, 15], [8, 0, 21, 18], [9, 0, 0, 25], [9, 0, 0, 26], [9, 0, 0, 24], [9, 0, 0, 22], [9, 0, 0, 20], v
[8, 0, 22, 16], [6, 0, 0, 18], [6, 0, 0, 13], [6, 0, 0, 8], [6, 0, 0, 7], [5, 0, 4, 0], [2, 0, 4, 0], [5, 0, 7, 0], [8, 0, 14, 0], [8, 0, 13, 0], [8, 0, 16, 0], [8, 16, 20, 0], [8, 19, 19, 0], [8, 21, 21, 0], [7, 24, 0, 0], [5, 20, 20, 0], [8, 22, 21, 0], [8, 0, 21, 0], v
[7, 29, 0, 0], [5, 29, 28, 0], [5, 0, 25, 0], [4, 24, 0, 0], [5, 0, 22, 0], [5, 0, 13, 0], [5, 0, 10, 9], [8, 0, 13, 12], [5, 0, 9, 7], [5, 0, 11, 10], [8, 0, 14, 17], [8, 0, 18, 16], [9, 0, 0, 23], [9, 0, 0, 29], [6, 0, 0, 26], [9, 0, 0, 26], [6, 0, 0, 23], [9, 0, 0, 21], v
[6, 0, 0, 22], [5, 0, 24, 26], [6, 0, 0, 20], [6, 0, 0, 13], [9, 0, 0, 13], [5, 0, 10, 0], [5, 0, 6, 0], [2, 0, 5, 0], [5, 0, 7, 0], [5, 0, 11, 0], [8, 0, 13, 0], [8, 0, 22, 0], [8, 20, 20, 0], [8, 27, 22, 0], [8, 23, 23, 0], [8, 25, 23, 0], [7, 24, 0, 0], [5, 23, 27, 0], v
[5, 21, 21, 0], [8, 23, 26, 0], [7, 23, 0, 0], [7, 23, 0, 0], [7, 21, 0, 0], [5, 15, 13, 0], [5, 14, 11, 0], [5, 12, 10, 0], [5, 0, 9, 0], [5, 0, 7, 0], [5, 0, 6, 0], [5, 0, 9, 9], [8, 0, 15, 11], [8, 0, 19, 17], [9, 0, 0, 18], [9, 0, 0, 21], [9, 0, 0, 26], [6, 0, 0, 22], [9, 0, 0, 21], [9, 0, 0, 20], [9, 0, 0, 19], v
[5, 0, 25, 0], [8, 0, 25, 24], [9, 0, 0, 22], [9, 0, 0, 21], [6, 0, 0, 13], [5, 0, 14, 8], [5, 0, 9, 7], [5, 0, 6, 0], [5, 0, 8, 0], [8, 0, 13, 0], [8, 15, 13, 0], [8, 17, 19, 0], [8, 20, 21, 0], [8, 22, 28, 0], [7, 27, 0, 0], [5, 0, 27, 0], [4, 27, 0, 0], v
[4, 29, 0, 0], [5, 29, 24, 0], [5, 0, 20, 0], [8, 0, 19, 0], [5, 19, 12, 13], [5, 0, 10, 0], [5, 0, 9, 0], [6, 0, 0, 7], [6, 0, 0, 8], [6, 0, 0, 10], [9, 0, 0, 14], [9, 0, 0, 20], [9, 0, 0, 19], [6, 0, 0, 24], [6, 0, 0, 16], v
[9, 0, 0, 21], [5, 0, 25, 20], [9, 0, 0, 25], [6, 0, 0, 17], [5, 0, 15, 12], [5, 0, 8, 0], [5, 0, 6, 0], [5, 0, 10, 0], [8, 13, 14, 0], [7, 17, 0, 0], [4, 24, 0, 0], v
[4, 16, 0, 0], [5, 13, 16, 0], [5, 11, 11, 0], [5, 0, 10, 0], [5, 0, 7, 0], [5, 0, 13, 13], [6, 0, 0, 15], [9, 0, 0, 17], [9, 0, 0, 21], [9, 0, 0, 19], [5, 0, 22, 19], [9, 0, 0, 19], v
[5, 0, 24, 16], [5, 0, 16, 12], [5, 0, 11, 0], [5, 0, 7, 0], [4, 10, 0, 0], [7, 14, 0, 0], [5, 16, 21, 0], v
[7, 26, 0, 0], [7, 27, 0, 0], [4, 24, 0, 0], [5, 0, 9, 0], [5, 0, 6, 0], [5, 0, 7, 0], [5, 0, 8, 11], [8, 0, 13, 13], [8, 0, 16, 21], [9, 0, 0, 19], [9, 0, 0, 18], [6, 0, 0, 18], v
[5, 0, 24, 0], [6, 0, 0, 12], [5, 0, 15, 13], [5, 0, 8, 0], [5, 7, 10, 0], [8, 11, 16, 0], [7, 14, 0, 0], [4, 23, 0, 0], [7, 29, 0, 0], [7, 28, 0, 0], [4, 24, 0, 0], v
[4, 21, 0, 0], [4, 28, 0, 0], [4, 19, 0, 0], [5, 15, 11, 0], [5, 0, 11, 0], [5, 0, 9, 0], [5, 0, 8, 9], [6, 0, 0, 12], [5, 0, 20, 14], [9, 0, 0, 20], [6, 0, 0, 16], [9, 0, 0, 19], [9, 0, 0, 17], v
[6, 0, 0, 24], [5, 0, 24, 22], [6, 0, 0, 18], [9, 0, 0, 17], [6, 0, 0, 8], [5, 0, 10, 13], [5, 0, 7, 8], [5, 0, 8, 0], [5, 0, 10, 0], [8, 17, 13, 0], [7, 17, 0, 0], [5, 21, 24, 0], [8, 0, 24, 0], [8, 0, 29, 0], [4, 29, 0, 0], [5, 0, 26, 0], [4, 26, 0, 0], [4, 22, 0, 0], v
[4, 27, 0, 0], [4, 19, 0, 0], [5, 14, 16, 0], [5, 0, 11, 0], [5, 0, 9, 0], [5, 0, 6, 0], [2, 0, 5, 0], [5, 0, 8, 7], [6, 0, 0, 12], [9, 0, 0, 14], [9, 0, 0, 16], [9, 0, 0, 17], [6, 0, 0, 23], [6, 0, 0, 20], [9, 0, 0, 18], v
[9, 0, 0, 21], [6, 0, 0, 10], [5, 0, 12, 10], [5, 0, 8, 0], [2, 0, 4, 0], [5, 0, 7, 0], [5, 0, 10, 0], [8, 15, 14, 0], [5, 0, 22, 0], [4, 23, 0, 0], [7, 24, 0, 0], v
[4, 22, 0, 0], [5, 12, 16, 0], [5, 10, 8, 0], [2, 0, 5, 0], [5, 0, 12, 0], [8, 0, 16, 0], [6, 0, 0, 15], [9, 0, 0, 17], [9, 0, 0, 19], v
[6, 0, 0, 10], [5, 0, 8, 0], [2, 0, 4, 0], [2, 0, 5, 0], [5, 0, 9, 0], [8, 0, 14, 0], [8, 23, 19, 0], [8, 27, 23, 0], [4, 24, 0, 0], [4, 29, 0, 0], v
[5, 21, 13, 0], [5, 13, 10, 0], [5, 0, 7, 0], [2, 0, 4, 0], [2, 0, 5, 5], [8, 0, 13, 10], [8, 0, 16, 12], [9, 0, 0, 14], [6, 0, 0, 19], [6, 0, 0, 25], [6, 0, 0, 22], [6, 0, 0, 18], v
[6, 0, 0, 23], [9, 0, 0, 24], [5, 0, 21, 17], [5, 0, 15, 0], [5, 0, 10, 0], [5, 0, 7, 0], [5, 0, 8, 0], [8, 14, 13, 0], [7, 19, 0, 0], [5, 24, 21, 0], [8, 0, 25, 0], [4, 25, 0, 0], [7, 27, 0, 0], [5, 29, 28, 0], v
[7, 26, 0, 0], [5, 0, 23, 0], [5, 21, 17, 0], [8, 13, 16, 0], [5, 0, 9, 0], [2, 0, 5, 0], [5, 0, 7, 0], [2, 0, 5, 0], [5, 0, 10, 9], [8, 0, 16, 0], [6, 0, 0, 16], [9, 0, 0, 18], [6, 0, 0, 25], v
[6, 0, 0, 25], [6, 0, 0, 13], [6, 0, 0, 11], [5, 0, 8, 0], [2, 0, 5, 0], [2, 0, 5, 0], [8, 0, 21, 0], [5, 0, 11, 0], [8, 18, 18, 0], [8, 28, 21, 0], [5, 0, 27, 0], [4, 25, 0, 0], v
[7, 24, 0, 0], [4, 24, 0, 0], [5, 16, 15, 0], [5, 0, 12, 0], [5, 0, 7, 0], [2, 0, 3, 0], [2, 0, 5, 0], [5, 0, 6, 10], [5, 0, 11, 9], [9, 0, 0, 14], [6, 0, 0, 25], v
[8, 0, 24, 0], [8, 0, 28, 0], [5, 0, 21, 0], [5, 0, 14, 9], [5, 0, 7, 0], [2, 0, 4, 0], [2, 0, 5, 0], [5, 0, 10, 0], [8, 13, 13, 0], [5, 0, 22, 0], [4, 29, 0, 0], [5, 0, 26, 0], [4, 26, 0, 0], v
[4, 27, 0, 0], [5, 17, 14, 0], [5, 13, 9, 0], [2, 0, 5, 0], [2, 0, 3, 0], [5, 0, 6, 0], [6, 0, 0, 8], [9, 0, 0, 15], [9, 0, 0, 17], [6, 0, 0, 21], [6, 0, 0, 18], v
[9, 0, 0, 19], [9, 0, 0, 25], [6, 0, 0, 25], [5, 0, 22, 10], [6, 0, 0, 7], [5, 0, 7, 0], [2, 0, 4, 0], [5, 0, 6, 0], [5, 0, 6, 0], [5, 0, 12, 0], [8, 0, 16, 0], [4, 25, 0, 0], [5, 0, 22, 0], [8, 24, 25, 0], [7, 24, 0, 0], v
[4, 24, 0, 0], [5, 0, 20, 0], [5, 26, 17, 0], [8, 17, 15, 0], [5, 15, 10, 0], [5, 0, 6, 0], [6, 0, 0, 7], [6, 0, 0, 9], [9, 0, 0, 13], [9, 0, 0, 15], [9, 0, 0, 17], [6, 0, 0, 20], v
[9, 0, 0, 25], [6, 0, 0, 18], [5, 0, 21, 18], [5, 0, 17, 11], [5, 0, 9, 5], [2, 0, 5, 0], [2, 0, 5, 0], [5, 0, 9, 0], [5, 15, 12, 14], [8, 17, 19, 0], [8, 21, 18, 0], [8, 27, 24, 0], [8, 27, 25, 0], [4, 24, 0, 0], [7, 26, 0, 0], v
[4, 20, 0, 0], [4, 26, 0, 0], [4, 24, 0, 0], [5, 18, 15, 0], [5, 14, 10, 0], [5, 0, 6, 0], [2, 0, 4, 0], [2, 0, 5, 0], [5, 0, 8, 8], [8, 0, 14, 14], [9, 0, 0, 18], [6, 0, 0, 21], v
[8, 0, 22, 0], [8, 23, 25, 0], [7, 21, 0, 0], [7, 27, 0, 0], [5, 21, 22, 0], [5, 18, 14, 0], [5, 15, 11, 0], [5, 0, 9, 0], [2, 0, 5, 0], [2, 0, 4, 0], [5, 0, 6, 12], [5, 0, 11, 11], [8, 0, 16, 13], [9, 0, 0, 16], [6, 0, 0, 20], [9, 0, 0, 23], [9, 0, 0, 21], [9, 0, 0, 20], [6, 0, 0, 14], v
[9, 0, 0, 16], [9, 0, 0, 23], [9, 0, 0, 25], [9, 0, 0, 25], [6, 0, 0, 9], [5, 0, 7, 0], [2, 0, 3, 0], [2, 0, 3, 0], [5, 0, 7, 0], [8, 11, 25, 0], [5, 16, 19, 0], [8, 16, 18, 0], [8, 19, 21, 0], [5, 24, 16, 0], [8, 18, 17, 0], [8, 0, 21, 0], v
[9, 0, 0, 16], [9, 0, 0, 17], [5, 0, 23, 22], [8, 0, 24, 17], [5, 0, 17, 14], [5, 0, 6, 0], [5, 0, 7, 0], [5, 0, 10, 0], [4, 10, 0, 0], [5, 13, 14, 0], [7, 21, 0, 0], [5, 0, 19, 0], [8, 21, 21, 0], [7, 23, 0, 0], [5, 21, 22, 0], v
[5, 0, 21, 19], [9, 0, 0, 19], [5, 0, 22, 14], [6, 0, 0, 12], [6, 0, 0, 8], [6, 0, 0, 7], [5, 0, 5, 0], [5, 0, 9, 0], [8, 14, 14, 0], [8, 0, 17, 0], [5, 0, 20, 0], [8, 24, 27, 0], v
[4, 21, 0, 0], [5, 18, 16, 0], [5, 13, 11, 0], [5, 0, 8, 0], [2, 0, 5, 0], [5, 0, 6, 0], [5, 0, 7, 0], [5, 0, 9, 0], [5, 0, 12, 13], [9, 0, 0, 15], [9, 0, 0, 16], [9, 0, 0, 18], [9, 0, 0, 21], v
[6, 0, 0, 19], [5, 0, 26, 0], [6, 0, 0, 21], [5, 0, 26, 24], [5, 0, 23, 0], [5, 0, 15, 10], [5, 0, 6, 0], [5, 0, 6, 0], [5, 0, 9, 0], [5, 0, 12, 0], [8, 16, 20, 0], [8, 23, 20, 0], [4, 24, 0, 0], [7, 26, 0, 0], [7, 26, 0, 0], [7, 27, 0, 0], v
[7, 24, 0, 0], [7, 27, 0, 0], [5, 0, 24, 0], [5, 18, 20, 0], [5, 21, 12, 0], [5, 0, 6, 0], [2, 0, 4, 0], [6, 0, 0, 13], [5, 0, 17, 14], [9, 0, 0, 16], v
[6, 0, 0, 19], [5, 0, 23, 15], [5, 0, 15, 9], [5, 0, 9, 0], [2, 0, 4, 0], [2, 0, 3, 0], [2, 0, 5, 0], [5, 0, 11, 0], [8, 14, 13, 0], [8, 19, 17, 0], [8, 0, 21, 0], [8, 25, 25, 0], [8, 23, 24, 0], [8, 25, 25, 0], [5, 22, 21, 0], [7, 22, 0, 0], v
[5, 0, 21, 0], [4, 23, 0, 0], [5, 22, 23, 0], [4, 19, 0, 0], [5, 18, 16, 0], [5, 0, 10, 0], [5, 0, 8, 0], [5, 0, 6, 0], [5, 0, 7, 0], [5, 0, 9, 11], [8, 0, 13, 11], [8, 0, 17, 15], [9, 0, 0, 19], [9, 0, 0, 21], [6, 0, 0, 26], [5, 0, 23, 17], v
[9, 0, 0, 20], [9, 0, 0, 21], [5, 0, 28, 0], [5, 0, 25, 0], [5, 0, 11, 0], [5, 0, 7, 0], [5, 19, 15, 0], [8, 21, 25, 0], [7, 24, 0, 0], [4, 24, 0, 0], [7, 27, 0, 0], v
[5, 0, 27, 0], [8, 0, 25, 0], [4, 23, 0, 0], [5, 0, 18, 0], [5, 17, 14, 0], [5, 0, 8, 0], [5, 0, 6, 0], [5, 0, 6, 0], [5, 0, 12, 9], [8, 0, 18, 15], [9, 0, 0, 16], [9, 0, 0, 20], [9, 0, 0, 26], [6, 0, 0, 27], v
[9, 0, 0, 19], [9, 0, 0, 21], [9, 0, 0, 20], [9, 0, 0, 21], [6, 0, 0, 17], [6, 0, 0, 13], [5, 0, 7, 0], [5, 21, 24, 0], [8, 26, 26, 0], [7, 24, 0, 0], [5, 23, 23, 0], v
[4, 23, 0, 0], [4, 24, 0, 0], [4, 18, 0, 0], [5, 0, 12, 0], [5, 0, 10, 0], [5, 0, 9, 0], [6, 0, 0, 12], [9, 0, 0, 18], [6, 0, 0, 22], [9, 0, 0, 28], [6, 0, 0, 28], [6, 0, 0, 21], v
[9, 0, 0, 19], [6, 0, 0, 18], [9, 0, 0, 17], [6, 0, 0, 13], [6, 0, 0, 11], [5, 0, 5, 0], [5, 0, 8, 0], [5, 0, 11, 0], [8, 17, 16, 0], [5, 0, 24, 0], [4, 25, 0, 0], [7, 24, 0, 0], [7, 26, 0, 0], [7, 26, 0, 0], v
[4, 23, 0, 0], [5, 0, 21, 0], [5, 15, 12, 0], [5, 0, 9, 0], [2, 0, 5, 0], [6, 0, 0, 7], [6, 0, 0, 11], [9, 0, 0, 19], [9, 0, 0, 18], [6, 0, 0, 27], v
[9, 0, 0, 14], [9, 0, 0, 21], [6, 0, 0, 28], [6, 0, 0, 19], [5, 0, 13, 10], [5, 0, 7, 0], [5, 0, 6, 0], [5, 0, 10, 0], [8, 17, 17, 0], [7, 20, 0, 0], [7, 28, 0, 0], [7, 27, 0, 0], [7, 29, 0, 0], [7, 29, 0, 0], [5, 0, 22, 0], v
[7, 29, 0, 0], [4, 19, 0, 0], [5, 19, 13, 0], [5, 0, 5, 0], [5, 0, 7, 0], [8, 0, 13, 14], [8, 0, 18, 15], [8, 0, 21, 17], [6, 0, 0, 22], [6, 0, 0, 20], [6, 0, 0, 16], v
[6, 0, 0, 24], [6, 0, 0, 14], [6, 0, 0, 8], [6, 0, 0, 7], [5, 0, 5, 6], [9, 0, 0, 13], [5, 0, 14, 0], [8, 0, 18, 0], [8, 22, 27, 0], [5, 25, 22, 0], [7, 29, 0, 0], [5, 0, 27, 0], v
[7, 28, 0, 0], [5, 0, 23, 0], [8, 0, 24, 0], [5, 20, 21, 0], [5, 15, 17, 0], [5, 0, 11, 0], [5, 0, 7, 0], [5, 0, 8, 12], [6, 0, 0, 11], [5, 0, 18, 17], [9, 0, 0, 25], [6, 0, 0, 21], [6, 0, 0, 20], [9, 0, 0, 18], v
[5, 0, 21, 17], [8, 0, 24, 0], [6, 0, 0, 22], [5, 0, 19, 15], [6, 0, 0, 8], [5, 0, 5, 0], [2, 0, 5, 0], [6, 0, 0, 12], [5, 0, 13, 0], [8, 16, 16, 0], [8, 22, 23, 0], [8, 21, 21, 0], [7, 29, 0, 0], [7, 29, 0, 0], [5, 26, 29, 0], [8, 0, 28, 0], [5, 25, 21, 0], v
[5, 0, 24, 0], [4, 21, 0, 0], [5, 18, 16, 0], [8, 14, 14, 0], [5, 15, 10, 0], [5, 0, 10, 0], [5, 0, 8, 0], [6, 0, 0, 9], [9, 0, 0, 13], [9, 0, 0, 17], [6, 0, 0, 26], [6, 0, 0, 18], v
[9, 0, 0, 26], [6, 0, 0, 20], [6, 0, 0, 25], [6, 0, 0, 21], [5, 0, 19, 12], [6, 0, 0, 8], [5, 0, 7, 0], [2, 0, 5, 0], [5, 0, 8, 0], [8, 0, 13, 15], [8, 0, 16, 0], [8, 23, 24, 0], [8, 21, 28, 0], [5, 28, 23, 0], [8, 0, 24, 0], [4, 24, 0, 0], v
[7, 30, 0, 0], [5, 0, 24, 0], [5, 25, 19, 0], [5, 0, 11, 0], [5, 0, 9, 0], [5, 0, 9, 0], [6, 0, 0, 7], [6, 0, 0, 11], [9, 0, 0, 13], [5, 0, 23, 23], [9, 0, 0, 27], [6, 0, 0, 23], [6, 0, 0, 21], [6, 0, 0, 18], v
[6, 0, 0, 29], [9, 0, 0, 28], [6, 0, 0, 24], [6, 0, 0, 19], [5, 0, 25, 15], [6, 0, 0, 8], [5, 0, 8, 8], [2, 0, 5, 0], [5, 0, 11, 0], [8, 18, 16, 0], [8, 0, 22, 0], [4, 27, 0, 0], [4, 30, 0, 0], [4, 26, 0, 0], v
[7, 24, 0, 0], [7, 24, 0, 0], [5, 0, 19, 0], [8, 18, 17, 0], [5, 0, 12, 0], [5, 0, 10, 0], [6, 0, 0, 8], [9, 0, 0, 14], [9, 0, 0, 18], [9, 0, 0, 24], [6, 0, 0, 24], [6, 0, 0, 21], v
[6, 0, 0, 21], [9, 0, 0, 22], [9, 0, 0, 21], [6, 0, 0, 18], [6, 0, 0, 14], [6, 0, 0, 11], [5, 0, 7, 0], [5, 0, 8, 0], [5, 0, 10, 0], [8, 15, 14, 0], [8, 18, 18, 0], [7, 26, 0, 0], [5, 27, 26, 0], [7, 27, 0, 0], [4, 27, 0, 0], v
[5, 0, 20, 0], [4, 19, 0, 0], [5, 0, 11, 0], [5, 0, 8, 0], [2, 0, 5, 0], [6, 0, 0, 9], [5, 0, 14, 12], [8, 0, 19, 16], [9, 0, 0, 25], [6, 0, 0, 25], [9, 0, 0, 27], [6, 0, 0, 24], [9, 0, 0, 22], v
[9, 0, 0, 16], [9, 0, 0, 24], [5, 0, 24, 0], [6, 0, 0, 24], [6, 0, 0, 18], [6, 0, 0, 13], [6, 0, 0, 9], [5, 0, 9, 0], [2, 0, 5, 0], [5, 0, 13, 0], [4, 19, 0, 0], [5, 0, 19, 0], [4, 25, 0, 0], [4, 24, 0, 0], v
[7, 28, 0, 0], [4, 29, 0, 0], [5, 17, 12, 0], [5, 0, 5, 0], [2, 0, 5, 8], [6, 0, 0, 12], [5, 0, 17, 15], [9, 0, 0, 14], [9, 0, 0, 16], [9, 0, 0, 21], [9, 0, 0, 20], [9, 0, 0, 19], [9, 0, 0, 17], [9, 0, 0, 16], v
[5, 0, 22, 21], [8, 0, 25, 0], [6, 0, 0, 26], [9, 0, 0, 24], [5, 0, 18, 15], [5, 0, 10, 0], [2, 0, 4, 7], [2, 0, 5, 9], [5, 0, 9, 0], [8, 13, 13, 0], [7, 17, 0, 0], [5, 20, 18, 0], [4, 24, 0, 0], v
[8, 20, 23, 0], [4, 25, 0, 0], [4, 18, 0, 0], [5, 0, 11, 0], [5, 0, 8, 0], [2, 0, 3, 0], [6, 0, 0, 10], [9, 0, 0, 14], [9, 0, 0, 14], [9, 0, 0, 22], [9, 0, 0, 24], [9, 0, 0, 24], [9, 0, 0, 27], [9, 0, 0, 26], [6, 0, 0, 17], v
[9, 0, 0, 24], [5, 0, 27, 23], [6, 0, 0, 14], [5, 0, 15, 0], [5, 0, 11, 0], [8, 15, 13, 0], [7, 20, 0, 0], [5, 0, 26, 0], [5, 0, 21, 0], [4, 24, 0, 0], v
[7, 23, 0, 0], [5, 18, 14, 0], [4, 15, 0, 0], [5, 0, 7, 0], [5, 0, 7, 0], [6, 0, 0, 10], [5, 0, 16, 12], [6, 0, 0, 22], [6, 0, 0, 18], [9, 0, 0, 21], v
[5, 0, 21, 0], [6, 0, 0, 22], [9, 0, 0, 22], [5, 0, 26, 0], [5, 0, 16, 10], [5, 0, 13, 9], [5, 0, 9, 0], [5, 0, 6, 0], [5, 0, 7, 0], [5, 0, 10, 0], [8, 0, 13, 0], [8, 15, 17, 0], [5, 19, 20, 0], [8, 24, 22, 0], [8, 24, 22, 0], [5, 21, 23, 0], v
[7, 19, 0, 0], [5, 0, 23, 0], [4, 24, 0, 0], [5, 21, 16, 0], [5, 21, 12, 0], [5, 16, 10, 0], [5, 0, 8, 0], [2, 0, 5, 0], [6, 0, 0, 7], [5, 0, 9, 7], [6, 0, 0, 9], [6, 0, 0, 12], [9, 0, 0, 15], [9, 0, 0, 18], [9, 0, 0, 22], [9, 0, 0, 24], [6, 0, 0, 21], [6, 0, 0, 16], v
[9, 0, 0, 14], [9, 0, 0, 18], [9, 0, 0, 20], [9, 0, 0, 21], [9, 0, 0, 21], [5, 0, 22, 18], [5, 0, 17, 22], [6, 0, 0, 8], [5, 0, 7, 0], [2, 0, 5, 0], [5, 0, 7, 0], [5, 0, 9, 0], [8, 11, 14, 0], [8, 15, 20, 0], [7, 20, 0, 0], [7, 25, 0, 0], [7, 23, 0, 0], [7, 24, 0, 0], v
[5, 19, 18, 0], [5, 15, 13, 0], [5, 0, 9, 0], [5, 0, 6, 0], [2, 0, 5, 0], [6, 0, 0, 13], [6, 0, 0, 8], [6, 0, 0, 12], [9, 0, 0, 18], [9, 0, 0, 23], [9, 0, 0, 22], [6, 0, 0, 27], [5, 0, 24, 21], [6, 0, 0, 18], [9, 0, 0, 16], [6, 0, 0, 10], v
, v
[5, 0, 21, 18], [9, 0, 0, 21], [6, 0, 0, 17], [5, 0, 23, 14], [6, 0, 0, 11], [6, 0, 0, 8], [5, 0, 8, 9], [5, 0, 6, 0], [5, 0, 9, 0], [8, 13, 13, 0], [8, 19, 21, 0], [5, 18, 18, 0], [7, 20, 0, 0], [4, 27, 0, 0], [4, 24, 0, 0], v
[7, 24, 0, 0], [4, 20, 0, 0], [7, 19, 0, 0], [5, 0, 13, 0], [5, 0, 8, 0], [5, 0, 6, 0], [2, 0, 5, 0], [5, 0, 7, 9], [5, 0, 11, 11], [6, 0, 0, 11], [9, 0, 0, 15], [9, 0, 0, 19], [9, 0, 0, 18], [9, 0, 0, 18], [9, 0, 0, 17], v
[5, 0, 22, 24], [9, 0, 0, 24], [5, 0, 23, 15], [5, 0, 15, 11], [5, 0, 10, 0], [5, 0, 5, 0], [5, 0, 9, 0], [8, 11, 13, 0], [8, 15, 15, 0], [7, 16, 0, 0], [5, 20, 19, 0], [8, 0, 27, 0], [8, 0, 26, 0], [4, 22, 0, 0], v
[7, 22, 0, 0], [7, 21, 0, 0], [4, 15, 0, 0], [5, 10, 7, 0], [2, 0, 5, 0], [2, 0, 5, 0], [5, 0, 7, 0], [5, 0, 12, 0], [6, 0, 0, 22], [6, 0, 0, 24], [5, 0, 29, 25], [5, 0, 24, 21], [8, 0, 23, 22], v
[8, 0, 22, 0], [8, 0, 21, 18], [9, 0, 0, 16], [5, 0, 23, 21], [5, 0, 16, 10], [5, 0, 13, 0], [5, 0, 8, 0], [2, 0, 5, 0], [5, 0, 6, 0], [5, 0, 11, 0], [8, 15, 16, 0], [5, 25, 27, 0], [7, 26, 0, 0], [7, 27, 0, 0], v
[7, 21, 0, 0], [7, 25, 0, 0], [5, 0, 19, 0], [5, 0, 15, 0], [8, 0, 13, 0], [5, 0, 8, 0], [5, 0, 6, 0], [2, 0, 5, 6], [5, 0, 12, 9], [8, 0, 15, 0], [8, 0, 21, 16], [9, 0, 0, 24], [6, 0, 0, 24], v
, v
[5, 0, 23, 0], [6, 0, 0, 23], [5, 0, 20, 11], [5, 0, 13, 9], [2, 0, 5, 0], [2, 0, 4, 0], [2, 0, 5, 0], [5, 0, 9, 0], [8, 0, 15, 0], [8, 16, 17, 0], [8, 0, 20, 0], [8, 23, 21, 0], [5, 0, 28, 0], [8, 24, 27, 0], v
[5, 20, 16, 0], [8, 19, 16, 0], [4, 15, 0, 0], [5, 0, 8, 0], [5, 0, 8, 0], [2, 0, 5, 0], [5, 0, 6, 8], [5, 0, 12, 12], [6, 0, 0, 23], [6, 0, 0, 21], [9, 0, 0, 24], [6, 0, 0, 20], v
[9, 0, 0, 23], [6, 0, 0, 20], [6, 0, 0, 13], [5, 0, 14, 10], [5, 0, 11, 11], [5, 0, 8, 0], [5, 0, 6, 0], [5, 0, 7, 0], [5, 0, 10, 0], [8, 16, 14, 0], [8, 0, 19, 0], [8, 24, 23, 0], [8, 25, 26, 0], [4, 25, 0, 0], v
[5, 15, 13, 0], [5, 13, 12, 0], [5, 0, 7, 0], [2, 0, 4, 0], [2, 0, 4, 0], [5, 0, 8, 0], [8, 0, 13, 11], [8, 0, 17, 0], [6, 0, 0, 16], [6, 0, 0, 24], [9, 0, 0, 24], [9, 0, 0, 22], [9, 0, 0, 21], v
[9, 0, 0, 15], [9, 0, 0, 18], [5, 0, 28, 21], [5, 0, 25, 23], [8, 0, 25, 25], [9, 0, 0, 23], [6, 0, 0, 16], [6, 0, 0, 13], [5, 0, 12, 7], [5, 0, 8, 0], [2, 0, 5, 0], [2, 0, 5, 0], [5, 0, 11, 0], [8, 0, 13, 0], [8, 15, 15, 0], [8, 0, 23, 0], [8, 0, 26, 0], v
[8, 19, 18, 0], [5, 17, 15, 0], [5, 0, 11, 0], [5, 0, 8, 0], [5, 0, 6, 0], [2, 0, 4, 0], [2, 0, 5, 0], [5, 0, 7, 7], [5, 0, 11, 10], [9, 0, 0, 15], [9, 0, 0, 22], [6, 0, 0, 25], [6, 0, 0, 21], [6, 0, 0, 15], [9, 0, 0, 16], v
[9, 0, 0, 20], [9, 0, 0, 23], [9, 0, 0, 23], [5, 0, 27, 0], [6, 0, 0, 20], [5, 0, 24, 0], [6, 0, 0, 16], [5, 0, 13, 9], [5, 0, 7, 0], [2, 0, 4, 0], [2, 0, 5, 0], [5, 0, 8, 0], [5, 0, 17, 0], [4, 20, 0, 0], [5, 25, 21, 0], [4, 25, 0, 0], v
[8, 17, 16, 0], [5, 23, 22, 0], [5, 22, 19, 0], [5, 20, 16, 0], [5, 20, 13, 0], [5, 0, 11, 0], [5, 0, 6, 0], [2, 0, 4, 0], [5, 0, 10, 8], [9, 0, 0, 14], [9, 0, 0, 16], [9, 0, 0, 19], [6, 0, 0, 26], [6, 0, 0, 21], [6, 0, 0, 15], v
[9, 0, 0, 17], [9, 0, 0, 19], [9, 0, 0, 19], [6, 0, 0, 13], [6, 0, 0, 12], [6, 0, 0, 8], [3, 0, 0, 4], [5, 0, 6, 0], [2, 0, 4, 0], [2, 0, 4, 0], [5, 0, 7, 0], [5, 0, 9, 0], [8, 0, 14, 0], [8, 14, 14, 0], [8, 17, 21, 0], [7, 23, 0, 0], [4, 22, 0, 0], [7, 23, 0, 0], [5, 19, 18, 0], v
[4, 22, 0, 0], [4, 23, 0, 0], [5, 22, 17, 0], [5, 14, 14, 0], [5, 0, 12, 0], [5, 0, 6, 0], [2, 0, 5, 0], [2, 0, 5, 6], [5, 0, 8, 7], [8, 0, 14, 11], [9, 0, 0, 15], [5, 0, 21, 24], [6, 0, 0, 26], [6, 0, 0, 22], v
[6, 0, 0, 15], [6, 0, 0, 19], [6, 0, 0, 20], [6, 0, 0, 15], [6, 0, 0, 10], [6, 0, 0, 8], [3, 0, 0, 5], [5, 0, 8, 5], [5, 0, 6, 5], [5, 0, 6, 10], [5, 0, 12, 0], [8, 0, 15, 0], [4, 19, 0, 0], [7, 21, 0, 0], [5, 0, 27, 0], [4, 26, 0, 0], [7, 28, 0, 0], [5, 0, 19, 0], v
[8, 21, 21, 0], [7, 24, 0, 0], [5, 22, 19, 0], [5, 22, 14, 0], [5, 15, 12, 0], [5, 0, 10, 9], [5, 0, 6, 0], [2, 0, 4, 0], [2, 0, 4, 0], [5, 0, 7, 7], [8, 0, 13, 10], [9, 0, 0, 13], [5, 0, 20, 17], [9, 0, 0, 26], [6, 0, 0, 21], [9, 0, 0, 20], v
[9, 0, 0, 18], [6, 0, 0, 24], [6, 0, 0, 22], [5, 0, 17, 11], [6, 0, 0, 8], [5, 0, 7, 6], [2, 0, 5, 0], [2, 0, 5, 0], [5, 0, 8, 11], [5, 13, 12, 0], [8, 15, 13, 0], [8, 20, 25, 0], [5, 24, 21, 0], [4, 25, 0, 0], v
[5, 0, 24, 0], [5, 23, 17, 0], [5, 19, 14, 0], [5, 18, 11, 0], [5, 0, 8, 9], [5, 0, 6, 0], [5, 0, 6, 6], [5, 0, 11, 8], [9, 0, 0, 17], [9, 0, 0, 19], [9, 0, 0, 24], [9, 0, 0, 23], [6, 0, 0, 28], [6, 0, 0, 18], v
[9, 0, 0, 13], [9, 0, 0, 18], [9, 0, 0, 21], [5, 0, 26, 23], [9, 0, 0, 24], [6, 0, 0, 16], [9, 0, 0, 14], [6, 0, 0, 7], [6, 0, 0, 6], [5, 0, 6, 0], [2, 0, 5, 0], [5, 0, 7, 0], [5, 0, 9, 0], [8, 15, 14, 0], [7, 17, 0, 0], [5, 21, 21, 0], [7, 22, 0, 0], [7, 24, 0, 0], [5, 22, 24, 0], [5, 0, 18, 0], v
[8, 0, 16, 0], [8, 21, 18, 0], [8, 17, 17, 0], [5, 0, 11, 0], [5, 0, 8, 0], [2, 0, 5, 0], [2, 0, 5, 0], [6, 0, 0, 10], [6, 0, 0, 8], [5, 0, 18, 15], [9, 0, 0, 19], [9, 0, 0, 24], [9, 0, 0, 25], [6, 0, 0, 21], [9, 0, 0, 21], [6, 0, 0, 18], v
[6, 0, 0, 11], [9, 0, 0, 19], [6, 0, 0, 16], [9, 0, 0, 18], [9, 0, 0, 18], [6, 0, 0, 14], [5, 0, 18, 10], [6, 0, 0, 7], [5, 0, 8, 0], [2, 0, 4, 0], [2, 0, 5, 0], [5, 0, 7, 0], [8, 0, 13, 0], [5, 0, 18, 0], [8, 19, 24, 0], [8, 22, 22, 0], [7, 26, 0, 0], [7, 26, 0, 0], [5, 21, 23, 0], [7, 29, 0, 0], v
[8, 18, 20, 0], [7, 22, 0, 0], [5, 16, 19, 0], [5, 21, 12, 0], [8, 13, 15, 0], [5, 0, 7, 0], [5, 0, 6, 0], [2, 0, 4, 0], [2, 0, 5, 0], [6, 0, 0, 5], [5, 0, 12, 8], [8, 0, 14, 11], [8, 0, 17, 16], [9, 0, 0, 17], [9, 0, 0, 20], [9, 0, 0, 22], [6, 0, 0, 19], [9, 0, 0, 19], [6, 0, 0, 15], v
[6, 0, 0, 19], [5, 0, 21, 0], [8, 0, 21, 16], [5, 0, 18, 0], [5, 0, 15, 10], [5, 0, 10, 0], [5, 0, 6, 0], [5, 0, 6, 0], [5, 0, 10, 0], [5, 0, 9, 0], [8, 12, 15, 0], [7, 18, 0, 0], [7, 20, 0, 0], [7, 22, 0, 0], [4, 23, 0, 0], [7, 23, 0, 0], v
[7, 21, 0, 0], [7, 24, 0, 0], [5, 19, 21, 0], [5, 18, 14, 0], [5, 14, 12, 0], [5, 0, 10, 0], [2, 0, 5, 0], [2, 0, 5, 0], [2, 0, 5, 0], [5, 0, 8, 9], [8, 0, 14, 11], [8, 0, 19, 23], [6, 0, 0, 20], [6, 0, 0, 21], [9, 0, 0, 21], v
[6, 0, 0, 21], [9, 0, 0, 20], [5, 0, 20, 17], [8, 0, 18, 14], [5, 0, 13, 0], [5, 0, 9, 0], [2, 0, 5, 0], [2, 0, 5, 0], [5, 0, 7, 0], [5, 0, 9, 0], [5, 0, 11, 0], [8, 15, 14, 0], [8, 19, 17, 0], [7, 22, 0, 0], [7, 27, 0, 0], [4, 22, 0, 0], [7, 24, 0, 0], [7, 23, 0, 0], v
[4, 22, 0, 0], [5, 20, 21, 0], [5, 15, 16, 0], [5, 13, 11, 0], [5, 0, 9, 0], [5, 0, 6, 0], [5, 0, 6, 0], [5, 0, 7, 0], [8, 0, 13, 14], [8, 0, 17, 16], [9, 0, 0, 23], [6, 0, 0, 19], [6, 0, 0, 26], [9, 0, 0, 26], [5, 0, 27, 26], v
[5, 0, 20, 23], [9, 0, 0, 24], [9, 0, 0, 25], [5, 0, 28, 20], [5, 0, 18, 16], [5, 0, 13, 0], [5, 0, 9, 0], [2, 0, 5, 0], [2, 0, 5, 0], [5, 12, 15, 0], [8, 0, 16, 0], [8, 20, 23, 0], [7, 24, 0, 0], [4, 29, 0, 0], [4, 23, 0, 0], v
[7, 24, 0, 0], [5, 26, 26, 0], [5, 25, 21, 0], [5, 0, 17, 0], [5, 15, 12, 0], [5, 0, 10, 0], [5, 0, 7, 0], [5, 0, 6, 0], [5, 0, 9, 11], [6, 0, 0, 12], [9, 0, 0, 15], [9, 0, 0, 19], [9, 0, 0, 18], [6, 0, 0, 24], [6, 0, 0, 24], v
[6, 0, 0, 22], [6, 0, 0, 14], [6, 0, 0, 12], [5, 0, 9, 0], [5, 0, 6, 0], [2, 0, 5, 0], [2, 0, 5, 0], [5, 0, 9, 0], [8, 0, 13, 0], [8, 18, 17, 0], [8, 0, 18, 0], [4, 21, 0, 0], [7, 27, 0, 0], [7, 27, 0, 0], [4, 22, 0, 0], v
[8, 24, 22, 0], [7, 22, 0, 0], [5, 20, 17, 0], [7, 19, 0, 0], [5, 0, 11, 0], [5, 0, 7, 0], [6, 0, 0, 7], [6, 0, 0, 8], [6, 0, 0, 11], [6, 0, 0, 18], v
[5, 0, 27, 0], [8, 0, 25, 18], [5, 0, 18, 19], [5, 0, 13, 11], [5, 0, 5, 0], [5, 15, 15, 0], [7, 18, 0, 0], [5, 23, 25, 0], [4, 24, 0, 0], [5, 0, 25, 0], v
[7, 21, 0, 0], [5, 24, 16, 0], [8, 17, 15, 0], [5, 13, 11, 0], [5, 0, 7, 0], [5, 0, 6, 0], [2, 0, 5, 0], [5, 0, 12, 11], [6, 0, 0, 11], [9, 0, 0, 21], [6, 0, 0, 18], [6, 0, 0, 20], [6, 0, 0, 16], [9, 0, 0, 15], v
[9, 0, 0, 21], [9, 0, 0, 20], [5, 0, 23, 19], [5, 0, 16, 10], [5, 0, 9, 10], [2, 0, 5, 0], [2, 0, 5, 0], [5, 0, 8, 0], [8, 11, 15, 0], [8, 0, 15, 0], [4, 19, 0, 0], [7, 28, 0, 0], [5, 0, 27, 0], [4, 22, 0, 0], v
[7, 21, 0, 0], [5, 27, 21, 0], [5, 18, 18, 0], [5, 14, 10, 0], [5, 0, 7, 0], [2, 0, 5, 0], [2, 0, 5, 0], [6, 0, 0, 10], [5, 0, 13, 13], [8, 0, 21, 15], [6, 0, 0, 22], [5, 0, 25, 0], v
[5, 0, 19, 24], [6, 0, 0, 19], [6, 0, 0, 19], [6, 0, 0, 13], [6, 0, 0, 8], [5, 12, 14, 0], [7, 16, 0, 0], [5, 0, 19, 0], v
[5, 17, 15, 0], [5, 13, 9, 0], [5, 0, 7, 0], [2, 0, 5, 0], [5, 0, 6, 0], [6, 0, 0, 7], [6, 0, 0, 10], [9, 0, 0, 17], [9, 0, 0, 15], [9, 0, 0, 20], [9, 0, 0, 23], [6, 0, 0, 21], v
[9, 0, 0, 22], [5, 0, 24, 0], [6, 0, 0, 17], [6, 0, 0, 11], [5, 0, 12, 0], [5, 0, 6, 0], [2, 0, 4, 0], [5, 0, 6, 0], [5, 0, 9, 0], [8, 12, 16, 0], [8, 0, 20, 0], [8, 0, 18, 0], [4, 23, 0, 0], v
[5, 0, 24, 0], [4, 24, 0, 0], [5, 0, 14, 0], [8, 14, 13, 0], [5, 13, 9, 0], [5, 0, 7, 0], [5, 0, 9, 0], [5, 0, 7, 0], [5, 0, 11, 11], [8, 0, 16, 13], [9, 0, 0, 13], [6, 0, 0, 20], [9, 0, 0, 23], [6, 0, 0, 14], v
[5, 0, 19, 19], [8, 0, 23, 15], [9, 0, 0, 15], [9, 0, 0, 13], [5, 0, 18, 10], [5, 0, 8, 0], [8, 0, 14, 0], [5, 23, 22, 0], v
[4, 18, 0, 0], [5, 16, 12, 0], [5, 0, 8, 0], [6, 0, 0, 11], [6, 0, 0, 12], [9, 0, 0, 13], [9, 0, 0, 14], [6, 0, 0, 17], [9, 0, 0, 20], v
[9, 0, 0, 19], [6, 0, 0, 20], [6, 0, 0, 12], [6, 0, 0, 9], [5, 0, 12, 0], [4, 14, 0, 0], [5, 0, 21, 0], [4, 21, 0, 0], v
[7, 21, 0, 0], [4, 19, 0, 0], [5, 15, 13, 0], [5, 0, 9, 0], [5, 0, 8, 0], [5, 0, 8, 0], [6, 0, 0, 10], [6, 0, 0, 10], [6, 0, 0, 12], [9, 0, 0, 14], [9, 0, 0, 19], [9, 0, 0, 19], [6, 0, 0, 18], [6, 0, 0, 15], [9, 0, 0, 14], v
[6, 0, 0, 20], [5, 0, 22, 17], [5, 0, 18, 11], [5, 0, 11, 0], [2, 0, 5, 0], [2, 0, 5, 0], [5, 0, 6, 0], [5, 0, 10, 0], [8, 13, 16, 0], [8, 17, 15, 0], [8, 0, 19, 0], [4, 21, 0, 0], [7, 24, 0, 0], [7, 26, 0, 0], [4, 20, 0, 0], [5, 19, 19, 0], v
[4, 21, 0, 0], [5, 20, 19, 0], [8, 0, 17, 0], [5, 22, 14, 0], [8, 16, 13, 0], [5, 0, 8, 0], [2, 0, 5, 0], [2, 0, 4, 0], [2, 0, 5, 0], [2, 0, 5, 0], [6, 0, 0, 9], [5, 0, 14, 12], [9, 0, 0, 13], [9, 0, 0, 14], [9, 0, 0, 21], [9, 0, 0, 21], [9, 0, 0, 22], [9, 0, 0, 20], [6, 0, 0, 17], [9, 0, 0, 15], v
[9, 0, 0, 14], [9, 0, 0, 14], [5, 0, 19, 16], [6, 0, 0, 19], [6, 0, 0, 13], [6, 0, 0, 9], [6, 0, 0, 8], [5, 0, 6, 0], [2, 0, 4, 0], [2, 0, 5, 0], [5, 0, 9, 0], [4, 14, 0, 0], [5, 21, 13, 0], [8, 19, 20, 0], [7, 21, 0, 0], [7, 21, 0, 0], [7, 24, 0, 0], [4, 21, 0, 0], v
[8, 0, 21, 0], [4, 24, 0, 0], [5, 22, 20, 0], [8, 0, 23, 0], [5, 16, 14, 0], [5, 0, 10, 0], [5, 0, 7, 0], [5, 0, 6, 0], [5, 0, 6, 7], [6, 0, 0, 7], [6, 0, 0, 8], [9, 0, 0, 15], [9, 0, 0, 22], [9, 0, 0, 23], [6, 0, 0, 29], v
[8, 0, 24, 17], [5, 0, 27, 24], [6, 0, 0, 11], [6, 0, 0, 6], [5, 0, 5, 0], [2, 0, 5, 0], [5, 0, 9, 0], [8, 13, 13, 0], [5, 0, 20, 0], [8, 23, 23, 0], v
[5, 19, 19, 0], [7, 22, 0, 0], [4, 26, 0, 0], [5, 21, 20, 0], [5, 15, 14, 0], [5, 0, 8, 0], [5, 0, 7, 0], [2, 0, 5, 0], [2, 0, 5, 7], [5, 0, 11, 9], [8, 0, 14, 15], [8, 0, 20, 18], [9, 0, 0, 17], [9, 0, 0, 20], [9, 0, 0, 20], [9, 0, 0, 21], [9, 0, 0, 19], [9, 0, 0, 17], [9, 0, 0, 16], v
[9, 0, 0, 13], [5, 0, 19, 16], [8, 0, 25, 0], [6, 0, 0, 17], [5, 0, 19, 15], [6, 0, 0, 10], [5, 0, 12, 7], [5, 0, 8, 0], [5, 0, 8, 0], [8, 0, 13, 0], [4, 15, 0, 0], [5, 17, 16, 0], [4, 20, 0, 0], v
[4, 21, 0, 0], [5, 17, 14, 0], [5, 0, 12, 0], [5, 0, 9, 0], [5, 0, 6, 0], [2, 0, 3, 0], [2, 0, 4, 0], [5, 0, 7, 0], [6, 0, 0, 13], [5, 0, 17, 15], [9, 0, 0, 18], [6, 0, 0, 25], [9, 0, 0, 26], [5, 0, 27, 19], v
[5, 0, 17, 18], [8, 0, 21, 21], [6, 0, 0, 18], [9, 0, 0, 19], [9, 0, 0, 17], [5, 0, 17, 12], [5, 0, 14, 9], [5, 0, 7, 0], [2, 0, 5, 0], [5, 0, 10, 0], [8, 13, 14, 0], [7, 15, 0, 0], [5, 0, 24, 0], [4, 27, 0, 0], [4, 24, 0, 0], v
[7, 21, 0, 0], [7, 21, 0, 0], [5, 22, 16, 0], [5, 18, 12, 0], [5, 15, 12, 0], [5, 0, 7, 0], [2, 0, 3, 0], [5, 0, 11, 16], [6, 0, 0, 13], [5, 0, 20, 14], v
